baseMean	log2FoldChange	lfcSE	stat	pvalue	padj
ENSRNOG00000000096	223.943635708138	0.292144164245702	0.0859601675532485	3.3985992880334	0.000677318731417355	0.020454755302085
ENSRNOG00000000130	2793.48840006525	0.433003192487423	0.0951462495731818	4.55092233724229	5.34112615611547e-06	0.000625202833763113
ENSRNOG00000000175	603.335683471925	0.171703074850505	0.0566657414337962	3.03010373650734	0.00244469754762855	0.0451682261936062
ENSRNOG00000000196	14.1056519857826	1.02738066331338	0.332709683684246	3.08791932935863	0.00201563178722161	0.0397607678496258
ENSRNOG00000000411	1864.60919965005	0.211575678682235	0.0598008335550968	3.53800551103192	0.000403161643624486	0.0149505776177414
ENSRNOG00000000433	2933.65901316541	0.371714773507582	0.0521125970445894	7.13291592797667	9.82645826754114e-13	2.47790522646496e-09
ENSRNOG00000000536	354.224675707838	0.706152237905336	0.168846503646391	4.18221415697303	2.88683848470617e-05	0.00226310187946136
ENSRNOG00000000560	180.445866976424	0.329860008689133	0.105687711024552	3.12108196394284	0.00180187874595902	0.0373238719925512
ENSRNOG00000000593	1265.63025360676	0.180369646771001	0.0591355151260309	3.05010696848744	0.00228759874601065	0.0433093278312016
ENSRNOG00000000639	261.574958498803	0.284718893207624	0.0833231686635904	3.41704351591753	0.000633051598852468	0.0198715159556802
ENSRNOG00000000708	2711.38107887815	0.478244576759865	0.0997662485381753	4.79365099687863	1.63773086529797e-06	0.000255452247339776
ENSRNOG00000000718	835.951582210511	0.134845312987856	0.0415554144731441	3.24495170358612	0.00117470545205002	0.0293126472796535
ENSRNOG00000000796	2762.29827301474	0.221860211254169	0.071432856192777	3.10585664747089	0.00189728669851517	0.0382251451175693
ENSRNOG00000000902	6431.26871415243	0.735381858169643	0.156690175096266	4.69322251837326	2.68934688389187e-06	0.000380278676198916
ENSRNOG00000000909	531.976315781666	0.268275922312632	0.0896417840939059	2.99275527617338	0.0027647134413426	0.0484705844351258
ENSRNOG00000001004	4082.20472274163	0.202665150363481	0.0519981390955205	3.89754621778262	9.71722813365956e-05	0.00567651203329224
ENSRNOG00000001006	1392.33440209039	0.555649396295113	0.150808163712436	3.68447823126231	0.000229171609702722	0.0103497244356573
ENSRNOG00000001128	501.558633360718	0.511353525370847	0.112392436074293	4.54971476045626	5.37186836676832e-06	0.000625202833763113
ENSRNOG00000001130	508.052326184807	0.60273959705134	0.161630925464546	3.72911059760992	0.000192156805391272	0.00934833590215414
ENSRNOG00000001138	935.29775376482	0.181979302951883	0.0478140268534135	3.80598152734109	0.000141242925047659	0.00749826475779328
ENSRNOG00000001184	371.827629402242	0.252616666265385	0.0762920021678605	3.31118150116926	0.000929029298253731	0.0249666310525381
ENSRNOG00000001185	2401.41601702587	0.246312453735211	0.0617072837220092	3.99162690169359	6.56215573082613e-05	0.00427954380204307
ENSRNOG00000001237	1466.56230593183	0.200845087073478	0.0564392991685819	3.55860349139988	0.000372831883103616	0.0140795537293744
ENSRNOG00000001247	1812.31075168459	0.251011573671802	0.0792372754059119	3.16784710713405	0.00153572261482615	0.0342377103974057
ENSRNOG00000001253	1647.78398814828	0.135380807207362	0.0393378674097069	3.44148821788839	0.000578523665438989	0.0187833971203689
ENSRNOG00000001304	1733.43583304304	0.373809929932441	0.101475813498197	3.68373425199574	0.000229841864532773	0.0103497244356573
ENSRNOG00000001416	1071.58162849353	0.905100606461513	0.156875773051008	5.76953718766516	7.94895360980517e-09	3.00669170290881e-06
ENSRNOG00000001439	1117.21135667745	0.178472038695902	0.0591655242742647	3.01648706548405	0.00255722127678788	0.0462255172255682
ENSRNOG00000001559	320.521828232319	0.354434501208055	0.097202561175858	3.64634940602867	0.000265992242373562	0.0113046703008764
ENSRNOG00000001701	70.5128492036462	0.811548606791631	0.207959886863132	3.90242858386314	9.52323411681214e-05	0.0055847493095879
ENSRNOG00000001726	620.668634756249	0.364600305302906	0.0568714470225785	6.41095531045932	1.44610586085832e-10	1.09397908373932e-07
ENSRNOG00000001785	2209.82026180288	0.513576753225286	0.0873667631979437	5.87839968457677	4.14251725315858e-09	1.8006175986252e-06
ENSRNOG00000001796	709.90243171492	0.55301476584899	0.10508413492455	5.2625904590265	1.42039738949494e-07	3.71472211977669e-05
ENSRNOG00000001803	917.930713663052	0.434489754833549	0.0652920205925604	6.65456132143436	2.84146268558195e-11	2.86608869552366e-08
ENSRNOG00000001843	408.786416461385	0.460675691276534	0.0788289520780113	5.84399106080513	5.09647640240394e-09	2.02920231495715e-06
ENSRNOG00000001859	202.909208353793	0.533980715726384	0.124366379853588	4.29360986751419	1.75791261611621e-05	0.00156454222834343
ENSRNOG00000001888	833.849609953622	0.150621777776567	0.0486635008063087	3.09516938323189	0.00196700530351136	0.0391574226359002
ENSRNOG00000001928	622.646212859979	0.38725006057957	0.104483821619269	3.70631600737842	0.000210295883464144	0.00983911850540827
ENSRNOG00000001971	162.678049064696	0.357607186874271	0.118075018609449	3.02864391711094	0.00245654039973853	0.0452685480971483
ENSRNOG00000002122	717.377553037246	0.259745605160438	0.0753248533483076	3.44833867726706	0.000564046298083595	0.0185119750325484
ENSRNOG00000002158	58.6483527236386	1.06005758703726	0.310715787843277	3.41166309699058	0.000645678616420209	0.0199369744213015
ENSRNOG00000002196	686.636013063838	0.607633154981016	0.194121738940493	3.13016542246864	0.0017470789015955	0.03671292191825
ENSRNOG00000002339	2048.25373051364	0.330330473014737	0.0910542206096623	3.62784361672614	0.000285798273848398	0.0117882589127074
ENSRNOG00000002434	430.556562255602	0.910132030213926	0.144688916731916	6.29026777427775	3.16918819057839e-10	1.99790905514379e-07
ENSRNOG00000002525	1021.80557724729	0.559386042726179	0.185044601313782	3.02297953441842	0.00250299169961535	0.0455819683398251
ENSRNOG00000002572	1518.85912410716	0.344408848837141	0.0810893795822897	4.24727443484303	2.16386841379778e-05	0.00184967961021245
ENSRNOG00000002635	410.975487803066	0.325633790749945	0.109158596759062	2.98312547447541	0.00285320997187722	0.0493418216388094
ENSRNOG00000002642	1756.3946730532	0.261627695430855	0.067929017565932	3.85148651939384	0.000117402993901203	0.00645929926445527
ENSRNOG00000002697	1255.25074257793	0.30182618441043	0.0908556756134658	3.322039953723	0.000893618971004853	0.0242302061492893
ENSRNOG00000002807	994.010227123098	0.274931578393737	0.0776917293499459	3.53874962874577	0.000402026964116263	0.0149451301402434
ENSRNOG00000002914	948.845806281072	0.23610649771844	0.0677248778264243	3.48625948537804	0.000489825625059183	0.0168627045348429
ENSRNOG00000002956	1128.29240427881	0.473889840255491	0.0977640834690329	4.84727952679675	1.25166010708686e-06	0.000201464015108768
ENSRNOG00000002980	874.767439870685	0.179256241707327	0.0600995927070621	2.98265318670393	0.00285761604051551	0.0493558569554791
ENSRNOG00000002989	1798.80227721538	0.193962367721814	0.0468516935331449	4.13992223321866	3.47423578611701e-05	0.00264146670572615
ENSRNOG00000003029	8430.82265749335	0.436790287342611	0.0604425460173797	7.22653687051859	4.95466155453923e-13	1.87410073300446e-09
ENSRNOG00000003048	530.021699744137	0.238667832826292	0.0789425496079221	3.02331042019373	0.00250025629563189	0.0455819683398251
ENSRNOG00000003127	104.081235157329	0.410133961523891	0.117693801945804	3.4847541225047	0.000492589462579298	0.0168828631189467
ENSRNOG00000003207	3374.35114726236	0.310428514188226	0.0906513063329269	3.4244240568155	0.000616104014209766	0.0195255299162712
ENSRNOG00000003218	129.696152665974	0.370680496774626	0.105940210819193	3.49895940274523	0.000467077691617988	0.0164328524693725
ENSRNOG00000003336	811.653868759307	0.456364912214841	0.11584215190873	3.93954104525271	8.16376346683262e-05	0.00504154045931337
ENSRNOG00000003348	461.21928706519	0.511148522365044	0.132390003672522	3.86092989036704	0.000112956314502022	0.00628319499417495
ENSRNOG00000003442	1947.50786631456	0.333297523991368	0.105443748582307	3.16090359525868	0.00157280544379079	0.0345378031415887
ENSRNOG00000003741	8693.30264942023	0.601066958458678	0.105573754044316	5.69333698417482	1.24580159282684e-08	4.38348327894653e-06
ENSRNOG00000003807	12.5517935665633	1.59683621318238	0.355404553173022	4.49301000486899	7.02234841833308e-06	0.000784603179332126
ENSRNOG00000003942	592.04293894056	0.355672406266658	0.0923967047212926	3.84940574817593	0.000118404732719982	0.00649081016685987
ENSRNOG00000004100	276.100627803868	0.629435354900501	0.181117860064184	3.47528043163409	0.000510319565505581	0.017311961941927
ENSRNOG00000004110	840.448327851655	0.415052501207351	0.126287924554976	3.28655730680465	0.00101420135287533	0.0265482118840896
ENSRNOG00000004127	1052.70016519654	0.203158503189433	0.0641099819938054	3.16890594680035	0.00153013901837335	0.0342032729419681
ENSRNOG00000004269	3484.56832290539	0.368687623951625	0.10544036419104	3.49664596457221	0.00047114665971837	0.0165010392628216
ENSRNOG00000004314	1529.16939723653	0.234300930722728	0.0653195592223883	3.58699497534915	0.000334510766999231	0.0131785899233642
ENSRNOG00000004424	144.901936000269	0.389582177217101	0.121395549446775	3.20919653967967	0.00133106471356614	0.0319160207864592
ENSRNOG00000004425	241.796539324272	0.26848969815538	0.082234484930558	3.26492831300765	0.00109491783751806	0.0280306377016046
ENSRNOG00000004496	6632.13039955606	0.297314944437301	0.0957275555963343	3.10584494281901	0.00189736179664868	0.0382251451175693
ENSRNOG00000004510	793.180543575242	0.172313432426999	0.0509384421051264	3.3827778256622	0.000717566572094406	0.0211221444276038
ENSRNOG00000004518	2936.66391324836	0.30539854706283	0.0788664078770384	3.87235269468568	0.000107789821795345	0.00608529852150586
ENSRNOG00000004659	206.22279305553	0.559539941720935	0.0845183718015359	6.62033507974851	3.58385553367871e-11	3.38898338903493e-08
ENSRNOG00000004789	429.004431128496	0.34317112845786	0.0695172642348911	4.93648782406515	7.95420009376757e-07	0.00013993842723105
ENSRNOG00000004827	2139.91476265509	0.232103385025365	0.0366316101025927	6.33615023678516	2.35577089478578e-10	1.549687549483e-07
ENSRNOG00000004874	426.115152572542	0.285255697326502	0.0845189266570183	3.3750511111444	0.000738019828132914	0.0213912643671475
ENSRNOG00000004888	889.962708293248	0.393935278335234	0.0936210241266808	4.20776510415215	2.57908750675983e-05	0.00208671625546932
ENSRNOG00000004956	930.615939358355	0.397845581059293	0.0767761518578007	5.18189009780217	2.19648631473212e-07	5.1926309284214e-05
ENSRNOG00000005033	546.389503921978	0.227573771919574	0.0627260110238173	3.62806064350503	0.000285558195247859	0.0117882589127074
ENSRNOG00000005174	203.325353239346	0.320040203666216	0.0944292363981582	3.38920673166069	0.000700951429632013	0.0209179391130816
ENSRNOG00000005209	1117.43941166403	0.346309832402573	0.110375088350068	3.13757241402345	0.00170353188256373	0.0360481641722926
ENSRNOG00000005248	1124.40648248189	0.418139846122094	0.0946373597393185	4.41833803556938	9.94627738289239e-06	0.00101680524867001
ENSRNOG00000005261	1295.72298503888	0.211302329414755	0.0565268053177886	3.7380907735159	0.000185423003935342	0.00913827377700889
ENSRNOG00000005353	1016.86795599283	0.182388691148399	0.0588753630778125	3.09787798518279	0.00194911659499251	0.0390081138653925
ENSRNOG00000005371	1699.73745729167	0.435531361509055	0.0964141958017924	4.5172949676873	6.26346269430971e-06	0.000717925686097773
ENSRNOG00000005406	1419.56416388461	0.170586531429795	0.046588732717562	3.6615404944357	0.000250703224235385	0.0109312385668051
ENSRNOG00000005424	975.750768257822	0.265549396056779	0.0567707663567712	4.67757286184857	2.90290440655128e-06	0.000402944437349733
ENSRNOG00000005592	2299.12666418074	0.317608100086274	0.083777338510369	3.79109799539602	0.000149982757979647	0.00782496251114501
ENSRNOG00000005708	378.178689327744	0.354078819455581	0.111416832239527	3.17796523504073	0.00148312533120262	0.0339308416408167
ENSRNOG00000005908	1423.78262966719	0.254335377724997	0.0705668059431964	3.60417868324276	0.000313141578969932	0.012701962707279
ENSRNOG00000005957	259.717320081762	0.662237973498225	0.0958916075658174	6.90610982868008	4.98124391088269e-12	8.37402448573946e-09
ENSRNOG00000006226	1846.91672799413	0.459098229481704	0.0908329327242339	5.05431472608632	4.31938828659048e-07	8.8313979427181e-05
ENSRNOG00000006228	793.583486707445	0.451003750846047	0.0546142878423338	8.25798099112912	1.48157140948063e-16	2.2416175425442e-12
ENSRNOG00000006231	508.246112569291	0.47206813763477	0.102073578402373	4.6247828774444	3.74990998923404e-06	0.000489104639113026
ENSRNOG00000006302	1091.03054187592	0.181469156989194	0.0608521763980857	2.98213092333873	0.00286249557363883	0.0493837605805649
ENSRNOG00000006378	881.079535955269	0.190144548100705	0.0634439034801055	2.99704995548279	0.00272606037537279	0.0480122087470419
ENSRNOG00000006399	1405.63243824461	0.185826478666491	0.0566096087554792	3.2825960601345	0.00102855935064392	0.0267850309384552
ENSRNOG00000006403	2228.21580639471	0.612004469950416	0.104253194169237	5.87036660917011	4.34832518096913e-09	1.8006175986252e-06
ENSRNOG00000006444	2641.57481696729	0.425353606116275	0.0850191163768973	5.00303489665365	5.64347200159159e-07	0.000106732164230101
ENSRNOG00000006470	642.322312486928	0.396753723359479	0.103669395657474	3.82710558736508	0.000129658906337369	0.00698127848001565
ENSRNOG00000006731	26.6336758409834	0.682394210859009	0.220243840183541	3.09835775788477	0.00194596359615757	0.0389965949799524
ENSRNOG00000006789	301.790063989515	0.314288167812576	0.0808251797103476	3.88849327572036	0.000100868464408089	0.00579505457749621
ENSRNOG00000006832	986.430725725262	0.403651981906522	0.0901505662192247	4.47753129941455	7.5511159423128e-06	0.000816059887194234
ENSRNOG00000006972	221.184690555009	0.770747172380861	0.225674777451514	3.41530046505288	0.000637116895397617	0.0198825434610249
ENSRNOG00000007029	4787.895431941	0.404260754661806	0.103969273139093	3.88827143305093	0.000100960684103385	0.00579505457749621
ENSRNOG00000007031	4638.6617840014	0.392954660497545	0.0932191608136243	4.21538508894315	2.49352334006796e-05	0.00202833377071119
ENSRNOG00000007091	1819.84854966101	0.273737553176906	0.087107951179887	3.14250937450716	0.00167506349195318	0.0356451626346717
ENSRNOG00000007106	1159.78614334806	0.26127919071428	0.0854563225240312	3.05745886316142	0.00223222277925536	0.0427870889164922
ENSRNOG00000007189	298.014061363495	0.538257041191396	0.153793426940888	3.49987026037388	0.000465484652543967	0.0164167431072033
ENSRNOG00000007346	989.155429992703	0.332273944621246	0.1053827936329	3.15301894328897	0.00161591320284429	0.0349767764793049
ENSRNOG00000007364	5227.06090655433	0.236941909582126	0.060245447176623	3.93294299712769	8.39121419720625e-05	0.00506518542394832
ENSRNOG00000007459	3031.78961974121	0.212622297387641	0.0711696474205147	2.98754181162844	0.00281230823493063	0.0489645841133491
ENSRNOG00000007478	2857.88481075275	0.191728287082285	0.0605955993186883	3.16406288968172	0.00155583172389984	0.0343165927975886
ENSRNOG00000007646	6085.43475761206	0.201854167409188	0.0662778256052914	3.04557618729532	0.00232234932549624	0.0435404526576928
ENSRNOG00000007821	808.179214942808	0.360503115310759	0.0968111773007866	3.72377575980402	0.00019626526557835	0.00942696339111251
ENSRNOG00000007882	2829.09598939942	0.308858319779137	0.052513422271968	5.88151193383577	4.0653562974263e-09	1.8006175986252e-06
ENSRNOG00000007916	2681.68699009194	0.36609487192118	0.0558419521158756	6.55591106774902	5.53031835255171e-11	4.92198333377102e-08
ENSRNOG00000007946	1566.85884300423	0.228644751418852	0.0721539020528661	3.16884804443878	0.00153044387189111	0.0342032729419681
ENSRNOG00000007989	3384.20077516625	0.272389480243093	0.0642819580491202	4.23741728643286	2.26105674386492e-05	0.00191116137065231
ENSRNOG00000008000	4393.81423993884	0.419042430585491	0.102263064050176	4.09769093540838	4.17291927786068e-05	0.00302087409923599
ENSRNOG00000008177	451.66328630484	0.430733693699839	0.126580744062785	3.40283742909738	0.000666899493461235	0.0203067283611771
ENSRNOG00000008212	468.74000234389	0.16997594234988	0.0553091459731824	3.07319773898327	0.00211778106974011	0.0413601120234178
ENSRNOG00000008288	1132.42493946946	0.188231895366403	0.0525560367270036	3.58154661364883	0.000341566178938144	0.0133537371765739
ENSRNOG00000008412	22.2300565831193	0.986916345255432	0.331330277466202	2.9786482322193	0.00289522950504394	0.0495219869140591
ENSRNOG00000008431	7796.5843236867	0.301731737400355	0.0970800908955821	3.1080701987073	0.00188313332570373	0.0381416428619779
ENSRNOG00000008479	404.839811026181	0.603025312319594	0.177908011338913	3.38953433171054	0.000700114415313865	0.0209179391130816
ENSRNOG00000008618	340.095144385191	0.225688356780945	0.0674128041310928	3.34785594057273	0.000814393328194272	0.0228604286745442
ENSRNOG00000008728	1554.5248413175	0.239250408711292	0.0695537951446764	3.43978942074456	0.00058216695837424	0.018861212163174
ENSRNOG00000008765	951.948426287793	0.344979458553381	0.0769853982397511	4.48110247451123	7.42584434618742e-06	0.000816059887194234
ENSRNOG00000008951	1433.40145363602	0.308154716467474	0.0936217705865078	3.29148567194353	0.000996596932969231	0.026269183964851
ENSRNOG00000008981	2009.80044189806	0.143474914191767	0.0435076573580212	3.29769339247854	0.000974825179417484	0.0258756227448887
ENSRNOG00000009037	210.999710106009	0.677788493743917	0.200459546263262	3.38117344061919	0.000721769687386773	0.0211540273245054
ENSRNOG00000009117	332.270014191574	0.4084022419361	0.121404371265687	3.36398300718787	0.000768262733445201	0.0219317267113696
ENSRNOG00000009196	490.084606134391	0.289021834272966	0.0903887672600122	3.19754149806652	0.00138604466796202	0.0326343130813985
ENSRNOG00000009271	3150.37247755061	0.167772844533749	0.049043488926847	3.4208994548491	0.00062414402349069	0.0197146118484638
ENSRNOG00000009276	1775.3565978697	0.3998136880203	0.0768134180930636	5.2049980061544	1.93998689188966e-07	4.73419381843395e-05
ENSRNOG00000009341	1711.5865273922	0.467784787126079	0.148047416933054	3.1596957030166	0.00157933993461265	0.0346310336386802
ENSRNOG00000009484	709.854111653544	0.213304314622344	0.0640923467911838	3.3280777706159	0.000874474508920275	0.0239688393477605
ENSRNOG00000009540	74.7053526335073	0.812366747590254	0.261273296564893	3.10926052631822	0.00187556257037041	0.0380392247851264
ENSRNOG00000009564	21.1496056867005	1.90199325712235	0.463238698569577	4.10586003068281	4.02813350492229e-05	0.00293007980430164
ENSRNOG00000009571	1466.20951411925	0.316200519468942	0.0959593471295568	3.29515080007822	0.000983688765710352	0.0260651681702235
ENSRNOG00000009642	1755.14199887568	0.219207627181281	0.0599438092606525	3.65688517104584	0.000255298676684613	0.0110996235006845
ENSRNOG00000009691	1778.68578264078	0.482023483736027	0.116812698830777	4.12646474707615	3.68382443626605e-05	0.00274562875471455
ENSRNOG00000009836	1074.91393183522	0.157750804702587	0.0401072230228684	3.93322680587087	8.38130858949264e-05	0.00506518542394832
ENSRNOG00000009862	13410.3526314913	0.271217986030088	0.0647088496324862	4.1913584860567	2.77289121843169e-05	0.00218509604869122
ENSRNOG00000009863	1217.28613127326	0.380769893730966	0.122055413425731	3.11964773248389	0.00181067437958282	0.0373238719925512
ENSRNOG00000009887	1963.25961711028	0.235463221200717	0.0720786119621553	3.26675576555701	0.00108787489463443	0.0278975375522355
ENSRNOG00000009920	2399.51489741943	0.423597915892132	0.11434765983144	3.70447385208022	0.000211829956291872	0.00983911850540827
ENSRNOG00000009935	1636.97864592842	0.271090749505938	0.0684546605366807	3.9601503737014	7.49025824544868e-05	0.00476166417032095
ENSRNOG00000009953	389.811059487291	0.381340035723628	0.12053224962685	3.16380086577825	0.00155723304010838	0.0343165927975886
ENSRNOG00000009954	991.50984222521	0.217650370389242	0.0605607998592649	3.59391505553149	0.000325746074799181	0.0130301715410098
ENSRNOG00000009956	2719.37864190106	0.180292491106839	0.0499873772968665	3.60676036344361	0.000310043747179195	0.0126441021423753
ENSRNOG00000010060	666.868236216635	0.783071199182562	0.186185341719383	4.2058692266054	2.60080597779442e-05	0.00209309544915051
ENSRNOG00000010067	953.705581545579	0.179312349323542	0.0595564799052698	3.01079495646411	0.00260564740943765	0.0468211939486838
ENSRNOG00000010237	4917.95684465602	0.157828553858066	0.049352968913354	3.19795459793221	0.00138406069418216	0.0326343130813985
ENSRNOG00000010298	1297.02181127637	0.34446203933256	0.0701676258294303	4.90913060347673	9.14810413242777e-07	0.000157285017640491
ENSRNOG00000010301	230.033527697334	0.39297775880054	0.0943590593995917	4.16470619038664	3.11753772884509e-05	0.00239433227601148
ENSRNOG00000010352	368.827315582306	0.336714908163778	0.0826893150501186	4.07204858281499	4.66014559119358e-05	0.00331023487299338
ENSRNOG00000010392	94.256445293087	0.772860281025952	0.175042747235256	4.41526594636471	1.0088588328669e-05	0.00101760227608508
ENSRNOG00000010488	3052.92113651694	0.374434778042795	0.0856454501892877	4.37191674765262	1.2316049110394e-05	0.00118689059261313
ENSRNOG00000010868	702.278450473594	0.187226566842774	0.062448424049738	2.99809914648373	0.00271669277384284	0.047962148971111
ENSRNOG00000010910	444.231343253786	0.248650942744698	0.0713022471206633	3.48728059473233	0.000487959113161851	0.0168627045348429
ENSRNOG00000010944	2657.09869465973	0.471317363170251	0.0874232522503027	5.3912128757326	6.99837101791208e-08	2.03625679809634e-05
ENSRNOG00000010960	2805.46334417906	0.261274806814118	0.0614974057421629	4.24855005932367	2.15158571235222e-05	0.0018496302174937
ENSRNOG00000011047	347.584863948609	0.32357934108708	0.0928646546462863	3.48441872012088	0.000493207237182713	0.0168828631189467
ENSRNOG00000011222	2772.29758388159	0.315421951929866	0.0864917982864225	3.64684233856867	0.000265482703752396	0.0113046703008764
ENSRNOG00000011251	23.1546109440233	0.839152348657204	0.260084399803514	3.22646167663712	0.00125331014690611	0.0307335211064659
ENSRNOG00000011287	413.344859468434	0.277771230883761	0.0868816489547183	3.19712199556125	0.00138806207504246	0.0326343130813985
ENSRNOG00000011448	279.385443110018	0.279563526590766	0.0747114342084654	3.74191085410979	0.000182626303517919	0.00905946220402003
ENSRNOG00000011517	1271.45717624393	0.477827433226245	0.111219213055986	4.29626698568451	1.73698366667163e-05	0.00156431921885367
ENSRNOG00000011619	864.95098315298	0.324591026490769	0.107221884795083	3.02728334902069	0.00246762531280686	0.0453096735227765
ENSRNOG00000011621	990.928416860604	0.232705495961427	0.0737541340150169	3.15515189852336	0.001604145642133	0.0349219044107516
ENSRNOG00000011624	4902.85445408386	0.327371675974869	0.0717355154054112	4.5635927214677	5.02855858915102e-06	0.000594391339483242
ENSRNOG00000011668	128.415659845142	0.740638364579305	0.161873684609241	4.57540931601815	4.75289811377213e-06	0.000566231090247027
ENSRNOG00000011803	311.032454223685	0.473049795118531	0.127476047227362	3.7108916177391	0.000206530521353838	0.00977354773895865
ENSRNOG00000011830	667.251116799836	0.255800734333689	0.0659365670990676	3.87949730457391	0.000104672561017667	0.00597621074791434
ENSRNOG00000011846	78.8908238991969	1.29280974329697	0.386132534289386	3.34809845970678	0.000813680978527717	0.0228604286745442
ENSRNOG00000011921	481.312406136927	0.924486954701571	0.168439437929852	5.48854214941386	4.05264572696159e-08	1.30460701806232e-05
ENSRNOG00000011922	1306.52280332715	0.278177758530448	0.0744025857532953	3.73881842565031	0.000184887201280141	0.00913827377700889
ENSRNOG00000011980	812.66268103585	0.313749363715441	0.0996988043288784	3.14697218113539	0.00164970656664615	0.0353471149738995
ENSRNOG00000012106	2042.54370981757	0.227572466524627	0.0495127887454325	4.59623608952182	4.30191243382018e-06	0.000524902702610478
ENSRNOG00000012123	110.542354653974	0.394910426375347	0.1146763696615	3.44369487402712	0.000573822896205031	0.0186708396120045
ENSRNOG00000012164	3525.39312884408	0.225405599902451	0.066061863090988	3.41203819202005	0.000644790785797776	0.0199369744213015
ENSRNOG00000012186	1454.73696704773	0.275713988243781	0.0730103006480945	3.77637108457759	0.000159129860958058	0.00818923400100481
ENSRNOG00000012274	2183.72173453195	0.35051579698585	0.108326891244047	3.23572284739699	0.00121335132260285	0.0299967410310148
ENSRNOG00000012683	388.836233083443	0.261751779556725	0.0803863946406928	3.256170160718	0.00112926052116212	0.0285513670294735
ENSRNOG00000012703	110.98200518542	0.780445395469665	0.16995074738993	4.59218572119034	4.38627753737185e-06	0.000529856373704803
ENSRNOG00000012782	551.198779865933	0.34837359723664	0.100660161834389	3.46088850731039	0.000538395741572346	0.0179867502711996
ENSRNOG00000012795	843.45079985053	0.402703488227571	0.130123007006553	3.09479082517123	0.00196951742405288	0.0391574226359002
ENSRNOG00000012815	1239.79187697761	0.185026973437024	0.0584202302181768	3.16717295953851	0.00153928737929552	0.0342491441893253
ENSRNOG00000012999	972.358178592818	0.173154484173137	0.0529217678532138	3.27189531259437	0.00106829124922558	0.0274885146271821
ENSRNOG00000013039	8229.24387139396	0.13239142620936	0.0428724895638088	3.08802748700462	0.002014898333947	0.0397607678496258
ENSRNOG00000013111	665.296268412268	0.213315403696098	0.0563041598544363	3.78862599579827	0.000151482761916714	0.00787606250103053
ENSRNOG00000013123	158.035264676648	0.550061660311503	0.139871975804231	3.93260806640341	8.40291831732338e-05	0.00506518542394832
ENSRNOG00000013166	316.891477339961	0.48294971703294	0.11219205962054	4.30466932032793	1.67235345295092e-05	0.00151513220018847
ENSRNOG00000013178	3309.21416486574	0.277194234289425	0.0716403919197279	3.869245084533	0.000109172858403101	0.00614046597635285
ENSRNOG00000013186	2072.45480631318	0.165971555644517	0.0544473297804104	3.04829559711911	0.00230143420861111	0.0433093278312016
ENSRNOG00000013196	382.904469926394	0.920334844731093	0.170063989014855	5.41169738556882	6.24301274219598e-08	1.8891356557885e-05
ENSRNOG00000013290	3270.13880949211	0.55207346033053	0.174101895824862	3.1709790276258	0.00151926111320918	0.0341335706141352
ENSRNOG00000013314	492.323165053645	0.254391859493238	0.0839831738257131	3.02908127788987	0.0024529867938515	0.0452605977938698
ENSRNOG00000013428	210.310043503682	0.423595686620708	0.0948284718027497	4.46696734185297	7.93362354904623e-06	0.000851317193596238
ENSRNOG00000013529	800.63558274144	0.326092287896123	0.062303443824472	5.23393680796884	1.65937203346138e-07	4.14818396430634e-05
ENSRNOG00000013659	1966.70930959197	0.233598417309064	0.0733853889674597	3.18317338908765	0.00145670353883258	0.0335974459489893
ENSRNOG00000013729	1483.23528314275	0.424469740618181	0.109083163994508	3.89124888822947	9.97295681208384e-05	0.00579505457749621
ENSRNOG00000013752	1611.40877408223	0.324773299972991	0.0799309921088196	4.06317113555702	4.84105098705403e-05	0.00342266829131436
ENSRNOG00000013783	3876.03129594223	0.336677410212018	0.0823980616392368	4.08598701855503	4.38898322554766e-05	0.00313621307629453
ENSRNOG00000013851	326.906942308774	0.676733938636244	0.175213318929819	3.86234301575732	0.0001123047306103	0.00627000211857508
ENSRNOG00000013862	44.1244356809147	0.618073686930412	0.196222384260976	3.14986330055175	0.00163346873732461	0.0351056562439224
ENSRNOG00000013969	1409.4827580484	0.289741381819193	0.0664631705866544	4.35942762377594	1.30403072885455e-05	0.00124087955519304
ENSRNOG00000013981	2800.91563512937	0.217338594695526	0.063910405569152	3.40067619286756	0.000672194010001557	0.0203813534495462
ENSRNOG00000014004	1508.74152086465	0.40750073741644	0.136714811331818	2.98066269079948	0.00287625412430469	0.0495219869140591
ENSRNOG00000014007	1673.36049902369	0.468199709885446	0.0810230018359976	5.77860236322953	7.53237110178755e-09	2.92217371205245e-06
ENSRNOG00000014027	545.460641319801	0.250294613005498	0.0752004420767529	3.3283662448425	0.000873569414888327	0.0239688393477605
ENSRNOG00000014148	330.55649044882	0.298084538257609	0.0812624020244346	3.66817286754554	0.00024429000003522	0.0107840871718206
ENSRNOG00000014153	1828.28515015072	0.406536391146754	0.0776946605487461	5.23248815652769	1.67243371991201e-07	4.14818396430634e-05
ENSRNOG00000014161	535.626360850614	0.236831416411801	0.0701474752295241	3.37619302244141	0.000734963373104232	0.0213846073751289
ENSRNOG00000014201	786.572534656591	0.450878084668069	0.0666440083060741	6.76547068713715	1.3287649720916e-11	1.5464780021343e-08
ENSRNOG00000014340	535.149203753477	0.166550160519038	0.0557267804844597	2.98869159623321	0.00280174775981193	0.0488369165967217
ENSRNOG00000014353	1746.99318749523	0.228891271444985	0.0638970995428124	3.58218562474221	0.000340731536433984	0.0133537371765739
ENSRNOG00000014363	1331.2262351115	0.46287728022141	0.11249317227722	4.1147144386748	3.87659028394058e-05	0.0028472238347583
ENSRNOG00000014365	776.131837024081	0.614534925273454	0.128667616293084	4.7761429253002	1.78689412055266e-06	0.000275874571877161
ENSRNOG00000014375	9619.97350557031	0.152812018305514	0.0379374976764661	4.02799413943182	5.62547455880873e-05	0.00383393829165658
ENSRNOG00000014440	1170.14888251481	0.143653510569749	0.0438427909069942	3.27655944336409	0.00105080190554972	0.0272259502185342
ENSRNOG00000014456	386.079825084764	0.716426578047192	0.106536294966909	6.72471835321211	1.75932409240606e-11	1.90132667986455e-08
ENSRNOG00000014524	294.087328428167	0.44096120271937	0.110166105951366	4.00269392215821	6.26252991330629e-05	0.00417410033428741
ENSRNOG00000014525	3048.79420494234	0.22814114129443	0.062198086650713	3.66797683947429	0.000244477323194611	0.0107840871718206
ENSRNOG00000014617	2572.443216889	0.173367878472901	0.0546291068518329	3.17354407684379	0.0015059003485716	0.0339997411099319
ENSRNOG00000014723	704.359273313837	0.628109377427187	0.133164492597283	4.71679323201207	2.39590961272142e-06	0.000345239166099763
ENSRNOG00000014750	652.291267791875	0.211144455215054	0.069655719797273	3.03125796172334	0.00243537085479362	0.0451558345992985
ENSRNOG00000014751	140.885957663186	1.14790151159883	0.180400651339075	6.3630674450353	1.97763796988458e-10	1.36007556747062e-07
ENSRNOG00000014811	2244.68564051959	0.147757040809492	0.0416926872043079	3.54395580417818	0.000394171314783582	0.0147254617103101
ENSRNOG00000014840	79.625266027	1.32035218415447	0.261837768633019	5.04263457119902	4.59165620824111e-07	9.14102084614315e-05
ENSRNOG00000014856	6603.05700114796	0.241949193463596	0.0723963430190261	3.34200849620278	0.00083174514775995	0.0232315914396565
ENSRNOG00000014857	572.169399980007	0.262822419594862	0.0681503322097826	3.85650973477038	0.000115017519651867	0.00635114989902463
ENSRNOG00000014876	1858.70762912829	0.251105765467665	0.0654252881005479	3.83805364497221	0.00012401339325833	0.00674936201438319
ENSRNOG00000014900	314.086589837873	0.768845580822373	0.122946589381553	6.25349255062567	4.01373718198577e-10	2.42911374253779e-07
ENSRNOG00000014901	1893.88161805256	0.220606799837535	0.0673952940122918	3.27332646990604	0.00106289633252721	0.0273962887753607
ENSRNOG00000015018	4420.82711310279	0.326391965310123	0.0546101003974202	5.97676918619145	2.27606319610897e-09	1.18747710886651e-06
ENSRNOG00000015055	1977.28161122253	0.640219549056686	0.180749154365489	3.54203344023459	0.000397055135083191	0.0147966605758835
ENSRNOG00000015079	1712.29347199087	0.378158911987587	0.0639211017048915	5.9160261932508	3.2981271051133e-09	1.5949367938891e-06
ENSRNOG00000015153	1607.18864076952	0.353238957169689	0.0597462872873158	5.91231645024212	3.37329658985138e-09	1.5949367938891e-06
ENSRNOG00000015329	339.023500335151	0.314426005308672	0.0852195496178722	3.68959947240475	0.000224607393683129	0.0102051347340112
ENSRNOG00000015619	955.281329532625	0.273264289336952	0.0637228545158368	4.2883246742978	1.80025817278495e-05	0.00159286000901967
ENSRNOG00000015691	4417.37622122135	0.286270450551015	0.0843593194018724	3.39346562514658	0.00069014219630443	0.0206769335249228
ENSRNOG00000015967	590.232954293326	0.376503088725894	0.124098315478655	3.03390974546027	0.00241406639490546	0.0448707918365107
ENSRNOG00000016121	396.180681130135	0.207968708889879	0.0634721276710465	3.27653596185883	0.00105088928801216	0.0272259502185342
ENSRNOG00000016145	4217.30458314555	0.167158387875253	0.0405206631939598	4.12526288316452	3.70311531881776e-05	0.00274647719478984
ENSRNOG00000016161	1092.87807758055	0.256196697052294	0.0637456084545178	4.01904857861839	5.84336232642031e-05	0.0039573923843678
ENSRNOG00000016167	1314.49855617459	0.274258333202687	0.0896877869851888	3.05792285016441	0.00222876948519429	0.0427870889164922
ENSRNOG00000016244	11369.9492780019	0.297348247026099	0.0600504893219752	4.95163737021016	7.35916429664831e-07	0.00013099312448034
ENSRNOG00000016245	654.64564616969	0.414004237877159	0.102100735442601	4.05486048736547	5.0164233629752e-05	0.00352315540295026
ENSRNOG00000016326	11360.3702405721	0.424447792335618	0.128060411121045	3.31443409106678	0.000918288255803656	0.0247218884525077
ENSRNOG00000016358	3170.89223380074	0.266913301663391	0.0895715329031145	2.97988984906732	0.0028835205157334	0.0495219869140591
ENSRNOG00000016368	354.025436866365	0.42809433015383	0.0854995601279956	5.00697698927291	5.52915339668009e-07	0.000105893785938949
ENSRNOG00000016502	1170.64687032175	0.347246222884883	0.110029258450394	3.1559444076544	0.0015997934883894	0.0349219044107516
ENSRNOG00000016566	1517.9702304159	0.266749816990574	0.0439098168840859	6.0749471512201	1.24028561630193e-09	6.95019310172155e-07
ENSRNOG00000016877	3144.36482802377	0.375057632320394	0.0729565327557735	5.14083685385547	2.73517477114666e-07	5.99756438948536e-05
ENSRNOG00000016923	1444.99171758697	0.178080899534328	0.0550814058185526	3.23304928202007	0.00122476432270122	0.0302295011459534
ENSRNOG00000017003	3570.69012225046	0.326505159212723	0.102677877398489	3.17989782692497	0.00147326988169997	0.0338248456906231
ENSRNOG00000017113	1897.34664410855	0.139661062035716	0.0447740059752178	3.11924428010793	0.00181315571146895	0.0373238719925512
ENSRNOG00000017114	2054.82586072672	0.428719662876909	0.108686989834214	3.94453525238723	7.9954891464818e-05	0.00495785863878154
ENSRNOG00000017116	1245.2988126549	0.367139228987452	0.0542663229444501	6.765507760002	1.32842474689132e-11	1.5464780021343e-08
ENSRNOG00000017158	11295.0147600685	0.12825881086869	0.0411073700524266	3.12009283749151	0.00180794049465424	0.0373238719925512
ENSRNOG00000017215	844.466729926391	0.196753952022493	0.059180376768147	3.32464851978424	0.00088530066203972	0.0241344126426324
ENSRNOG00000017349	1668.86103399015	0.262110880918632	0.079589316647642	3.29329226533065	0.000990214842717323	0.0261922212767711
ENSRNOG00000017383	531.293804262292	0.182001993275591	0.0594534951492945	3.06124968462431	0.00220415204955922	0.0425836737630286
ENSRNOG00000017438	287.50421386571	0.460039531687848	0.110278861415394	4.17160211651976	3.02465452298767e-05	0.0023348481088165
ENSRNOG00000017456	572.535420244851	0.511516598417039	0.161065262229318	3.17583438748427	0.00149406219688855	0.0339882956319297
ENSRNOG00000017575	483.488784972175	0.480418189552937	0.153773457160787	3.12419450289529	0.00178292557089812	0.0371054523902181
ENSRNOG00000017604	2643.73181349839	0.31802998636309	0.0633181616621062	5.02272930885516	5.09423190654311e-07	0.000100098349020776
ENSRNOG00000017609	22.8932206608297	1.04935811642549	0.261136886414031	4.01842164404817	5.85892857963243e-05	0.0039573923843678
ENSRNOG00000017728	614.890731026482	0.278689100321855	0.0932955549249227	2.98716375658115	0.00281578850598153	0.0489688276959777
ENSRNOG00000017731	903.367459221477	0.342343726413837	0.104262607863879	3.28347557602614	0.00102535529144984	0.0267476302752346
ENSRNOG00000017801	2304.37747573702	0.262651981199425	0.0803902558396996	3.26721165962154	0.00108612443586093	0.0278975375522355
ENSRNOG00000017824	927.919317139597	0.258857601229077	0.0506077830119646	5.11497611282198	3.13780662420026e-07	6.68662172171125e-05
ENSRNOG00000017828	2384.36178729743	0.564815298381701	0.118638524423406	4.76080852426945	1.92818921159093e-06	0.000291735027713708
ENSRNOG00000017864	591.487703876238	0.261764939728174	0.0593692244257272	4.40910155489146	1.03800344468085e-05	0.00103322316565929
ENSRNOG00000017913	1251.57696181407	0.204550751881881	0.0511864469857945	3.99618969331175	6.4370161237492e-05	0.00423679013455882
ENSRNOG00000017974	1853.92134003994	0.296745266861799	0.0866640410799128	3.42408758193229	0.000616867369463162	0.0195255299162712
ENSRNOG00000017987	10.3384230039271	2.81086984792567	0.798918034641534	3.51834572014246	0.00043424623279536	0.0158278212577588
ENSRNOG00000018090	3648.89322347633	0.112304015385441	0.0352683384801011	3.18427292651748	0.00145118116733686	0.033521177193598
ENSRNOG00000018164	1613.24234389184	0.207556397388415	0.0449569586431892	4.61678021940345	3.89739642256015e-06	0.000495518736275584
ENSRNOG00000018198	1953.65422339118	0.261828947239475	0.0836434308362159	3.13029899206512	0.00174628464247114	0.03671292191825
ENSRNOG00000018294	7122.43120619812	0.694140460678298	0.0868579657502848	7.99167301101594	1.33119733075541e-15	1.00705078071647e-11
ENSRNOG00000018364	1721.13430612018	0.129377649463791	0.0378952981458752	3.41408184640113	0.00063997347425771	0.0198825434610249
ENSRNOG00000018399	2380.25386021461	0.39718761807236	0.100531099377457	3.95089301253007	7.78601268524451e-05	0.00490843216365622
ENSRNOG00000018440	1128.36567340919	0.140670311445259	0.0412270674885228	3.41208628249924	0.000644677040264221	0.0199369744213015
ENSRNOG00000018484	139.213697434256	0.639343788982339	0.182164754761024	3.50970081902547	0.000448611153541298	0.0161222963256053
ENSRNOG00000018557	1168.03761216632	0.417719789407828	0.0788068360204909	5.30055272488309	1.15452617088109e-07	3.11928231525552e-05
ENSRNOG00000018584	4396.75631907981	0.252499707754363	0.0519109106649782	4.86409705628055	1.14980486323924e-06	0.000189092908487062
ENSRNOG00000018698	1296.81962534413	0.233178732290652	0.0514134934158053	4.53536059891564	5.75051499099096e-06	0.000664162532928956
ENSRNOG00000018747	3563.3749239909	0.21765643741601	0.0631580054967873	3.44622088211892	0.000568485490818895	0.0185370376639868
ENSRNOG00000018830	1182.18666240764	0.350686414949846	0.104086767555189	3.36917384588684	0.00075393860154758	0.02168648486961
ENSRNOG00000019090	1790.05399822133	0.243529422322116	0.0748821278365234	3.25217016874533	0.00114527432264581	0.0287363192398525
ENSRNOG00000019143	1598.08791429668	0.134348689025477	0.0373880468960489	3.59335938031239	0.000326441855021454	0.0130301715410098
ENSRNOG00000019240	1196.05088100149	0.279298329068337	0.0851112486727954	3.281567753072	0.00103231720204211	0.0268366997713009
ENSRNOG00000019376	454.817320047032	0.207767301240731	0.0669220790620317	3.1046151606878	0.00190526742265241	0.0383333724796954
ENSRNOG00000019418	3460.5013682284	0.202589944418191	0.0507069708518407	3.99530756846299	6.4610318615187e-05	0.00423679013455882
ENSRNOG00000019422	3333.86821651929	0.592998522259724	0.185769161426148	3.19212574200841	0.00141229836298452	0.0329181466107158
ENSRNOG00000019447	30.7368311009342	1.03835135216033	0.233665514935945	4.44375094221743	8.84039358185359e-06	0.000928855242315589
ENSRNOG00000019533	205.204811025989	0.471769599565071	0.122121880840188	3.86310459943246	0.000111955040730435	0.00627000211857508
ENSRNOG00000019587	11083.8565085408	0.290021072844989	0.0846496797508336	3.42613313716799	0.000612240203529602	0.0194604921836195
ENSRNOG00000019590	1788.0496138296	0.18809710188189	0.0550910531661828	3.41429490038052	0.000639473194038444	0.0198825434610249
ENSRNOG00000019749	763.671108885717	0.180188945161391	0.0496701014854012	3.62771445543255	0.000285941243950008	0.0117882589127074
ENSRNOG00000019780	46.4470733796591	0.910065880829127	0.299805508672976	3.03552087770947	0.0024012059862538	0.0446866501500861
ENSRNOG00000019802	410.649458961118	0.248068116069089	0.0781768045831395	3.17316776237986	0.00150785368703003	0.0339997411099319
ENSRNOG00000019811	1073.45180213772	0.215145764761104	0.0613333281997544	3.50781167557715	0.000451808764422316	0.0161987360324873
ENSRNOG00000019834	25767.9355694809	0.282453935433883	0.079442267836905	3.55546163427461	0.000377316003964885	0.0141306711385859
ENSRNOG00000019869	876.782416494047	0.308771535119411	0.0833536947480662	3.70435331094396	0.00021193070355314	0.00983911850540827
ENSRNOG00000019953	349.454430881687	0.233046545443219	0.0671094214039122	3.47263529572963	0.000515375172783825	0.0174443542823697
ENSRNOG00000019958	2544.44621805663	0.40782250252086	0.123571229155201	3.30030303420103	0.000965804812009243	0.0257564579876848
ENSRNOG00000019961	4117.20929371268	0.424888025384568	0.117798163868488	3.60691551914951	0.000309858488495635	0.0126441021423753
ENSRNOG00000020013	167.735635628231	0.644966166187332	0.119558923973646	5.39454642741265	6.86968631713573e-08	2.03625679809634e-05
ENSRNOG00000020061	983.018793230584	0.190226965229926	0.0633090833416741	3.00473415802415	0.00265813065430989	0.0473584813132074
ENSRNOG00000020067	513.247026441487	0.19108489862882	0.0613754254140882	3.11337799028857	0.00184958966932035	0.0376693418229634
ENSRNOG00000020088	838.341447834268	0.348574143887059	0.0829942060821157	4.19998166549331	2.66936594991737e-05	0.00212565825380262
ENSRNOG00000020134	1551.58846012076	0.140525328568482	0.0401477982449913	3.50020012831	0.000464908983351368	0.0164167431072033
ENSRNOG00000020161	1899.51871569922	0.263734212713457	0.0693888635698465	3.80081470058929	0.000144221124827249	0.00762918345311214
ENSRNOG00000020239	960.927435837353	0.211038659723051	0.0587408610069206	3.59270627133278	0.000327261413455634	0.0130301715410098
ENSRNOG00000020254	1266.83928670573	0.475655987626785	0.135871290589312	3.50078361340155	0.000463892340334697	0.0164167431072033
ENSRNOG00000020284	687.899971963161	0.157180864333102	0.0483106687733717	3.25354354067104	0.00113975257288207	0.0286929391475969
ENSRNOG00000020543	454.752889765511	0.212336348317763	0.0692656675484729	3.06553529090249	0.00217280733663507	0.0420929257404465
ENSRNOG00000020703	1006.72806080432	0.362296918968133	0.0778362038654922	4.65460673794182	3.24599650097415e-06	0.000442449793330981
ENSRNOG00000020743	74.8619886502641	0.632587822725175	0.184422648942566	3.43009834395222	0.000603362523979506	0.0192759330085356
ENSRNOG00000020793	524.617695505309	0.167077322415894	0.054490520634911	3.06617225288265	0.00216818366515541	0.0420929257404465
ENSRNOG00000020867	2053.71139022664	0.320953440749933	0.0690463725726865	4.64837512516764	3.34560065032978e-06	0.0004519548021383
ENSRNOG00000020950	1064.35963575949	0.19925871790909	0.0514007875848987	3.87656935372779	0.000105939622591889	0.006025813871486
ENSRNOG00000021032	748.349144783151	0.19754686086615	0.0609505282964803	3.24110169981182	0.00119068696860076	0.0295443136083982
ENSRNOG00000021041	1982.97449940794	0.263256897523294	0.0693774085989068	3.79456227668097	0.000147904155903199	0.00777010374588682
ENSRNOG00000021056	275.288777646563	0.491238640148993	0.148861278810397	3.29997595126587	0.000966931139260078	0.0257564579876848
ENSRNOG00000021164	3232.41468118713	0.412390662741228	0.0913312180561872	4.51533080931346	6.32180019452731e-06	0.000719164187542844
ENSRNOG00000021231	6448.43609239974	0.258823855549683	0.0770648105807938	3.35852191939583	0.000783605063236708	0.0222437985117662
ENSRNOG00000021234	480.245124332177	0.66037311110486	0.152170580396389	4.33968977041852	1.42684003661039e-05	0.00133259813295773
ENSRNOG00000021402	300.658476684007	0.349938078916518	0.0797079172812974	4.39025495650012	1.13217835849593e-05	0.00110515216542216
ENSRNOG00000021513	660.853142642022	0.494900150463929	0.131956273433085	3.75048595711437	0.000176492189716025	0.00882641169375182
ENSRNOG00000021525	89.7129084719831	0.495028572852523	0.146803049340456	3.37205919820157	0.000746084101177355	0.0215424665091859
ENSRNOG00000021581	3690.26752538998	0.350639324797195	0.0917488717422699	3.82172901027241	0.000132519269064778	0.00705991739771157
ENSRNOG00000021732	730.093597941596	0.27870413212097	0.069762706481321	3.99503038483166	6.46859564496423e-05	0.00423679013455882
ENSRNOG00000021758	1122.69660322259	0.195883709448292	0.0648999834552066	3.01823974398221	0.00254247679062044	0.0460139639259416
ENSRNOG00000021839	359.508948729668	0.468096457300645	0.130801277649616	3.57868413605683	0.000345328524012289	0.0134660323925411
ENSRNOG00000021882	1056.9115915139	0.186285928639774	0.0597044657489813	3.12013391800517	0.00180768836484506	0.0373238719925512
ENSRNOG00000022307	2417.28949001077	0.204880713979149	0.0682747492019513	3.00082704622068	0.00269247446384363	0.0475901152312547
ENSRNOG00000022428	874.644363683839	0.339995747763587	0.0994196530443026	3.41980420724342	0.000626662216535552	0.0197529152837144
ENSRNOG00000022523	1054.95539759016	0.568401263049034	0.11331792833701	5.01598706745321	5.27618778549364e-07	0.000102344514351947
ENSRNOG00000022720	720.920965786873	0.201994370704647	0.0657146304084966	3.07381125708241	0.00211343094902516	0.0413601120234178
ENSRNOG00000022893	2822.34635718868	0.345105205313864	0.107063576663647	3.22336705038404	0.0012669309531125	0.0309952697489133
ENSRNOG00000023261	175.238614185877	0.477357271479857	0.146693140242329	3.25412129491051	0.00113743702884258	0.0286823704106469
ENSRNOG00000023322	602.896871998473	0.345538042445541	0.0618519511507253	5.58653423242072	2.31645903532132e-08	7.7884500454248e-06
ENSRNOG00000023509	1942.87018555833	0.617263166280149	0.140472493195933	4.39419243039405	1.11185296905713e-05	0.00109235944297626
ENSRNOG00000023643	1361.5837280996	0.503490903766344	0.165535286770513	3.04159260293758	0.00235330165959538	0.0439573507526891
ENSRNOG00000023768	785.613893423606	0.225580696862144	0.0542567781231003	4.15765006079675	3.21538061082241e-05	0.00245700548695672
ENSRNOG00000024025	1607.17101509104	0.134637823019298	0.0392819267845157	3.42747502580169	0.000609222338384833	0.0194053346942369
ENSRNOG00000024114	314.363762987857	0.773337674175838	0.206491923647154	3.7451231046561	0.000180305341807088	0.00897374941296459
ENSRNOG00000024711	627.506218405754	0.431257370024228	0.123186448981514	3.50085073147083	0.000463775529388007	0.0164167431072033
ENSRNOG00000025079	828.898106817356	0.437304283711204	0.102695765334892	4.25825039898335	2.06033094209066e-05	0.00179154064102481
ENSRNOG00000025235	5858.93828587165	0.369049418653005	0.108268311162461	3.40865590947689	0.000652837680617817	0.0200852578309098
ENSRNOG00000025406	368.624809714102	0.513665668307174	0.12133438236182	4.23347165336383	2.30111198727167e-05	0.00193421246485669
ENSRNOG00000025612	4773.24596357322	0.338858852833761	0.112008445160955	3.02529735455951	0.00248388791937983	0.0453885131533209
ENSRNOG00000025634	1203.82048832708	0.242389861030176	0.0753237065055808	3.21797575126254	0.00129098731578431	0.0313444220420984
ENSRNOG00000025644	282.795504059484	0.324442953966287	0.0800980817428995	4.05057083648633	5.10928393751321e-05	0.00356237170389746
ENSRNOG00000025793	1560.47215143554	0.193019333757044	0.0633605011898597	3.04636690260169	0.00231625001626752	0.0434799785932105
ENSRNOG00000026236	668.288433169628	0.159821980263468	0.0530500383566644	3.01266474472568	0.00258964831775415	0.04659483542166
ENSRNOG00000026344	42.8875644242679	0.85811903661653	0.271179303793802	3.16439722578911	0.00155404536474508	0.0343165927975886
ENSRNOG00000026407	288.014202437637	0.281197433798299	0.0798165097870979	3.5230484839335	0.000426613310585587	0.0156287152279901
ENSRNOG00000026643	1173.60962795084	0.564890196269682	0.115811215288616	4.87768127518482	1.07340185719332e-06	0.000180450778881499
ENSRNOG00000026963	8018.84956281753	0.458330731433925	0.0715932598212436	6.40186984889779	1.53485482251455e-10	1.10582635545929e-07
ENSRNOG00000027136	850.601985807624	0.225781162708732	0.0606010641895071	3.7256963343529	0.000194776777369129	0.00938526318979273
ENSRNOG00000027264	2763.46250533446	0.343431320077462	0.0831790881966878	4.12881804216672	3.64632812417506e-05	0.00274095996385054
ENSRNOG00000027434	510.595583928984	0.282987080607626	0.0716834362984175	3.94773318942961	7.8894658758138e-05	0.00491224768317131
ENSRNOG00000028426	5934.72452850917	0.157745088870168	0.0385350821511065	4.09354489635202	4.24827770720544e-05	0.0030607829385723
ENSRNOG00000028650	2071.87213449232	0.594975248595521	0.16090594365936	3.69765861387378	0.000217597255452664	0.00994636397280606
ENSRNOG00000028658	576.737652924914	0.503797919186324	0.147804985920536	3.40853128904042	0.000653135945327668	0.0200852578309098
ENSRNOG00000028743	966.159336467498	0.217386695489794	0.0679838314930864	3.19762347480961	0.00138565075395221	0.0326343130813985
ENSRNOG00000028832	805.364955114408	0.668007095307288	0.153079538893153	4.36379087719586	1.27827778979409e-05	0.00122407233921422
ENSRNOG00000029049	774.609661469641	0.398413698165426	0.103886750303227	3.83507711043544	0.000125524907199913	0.00680713923274078
ENSRNOG00000029178	3427.3442228116	0.181439887814205	0.0538024390427516	3.37233573500325	0.000745335317600057	0.0215424665091859
ENSRNOG00000029197	232.52065322579	0.257178974656975	0.0846771448492262	3.03717107036262	0.00238809882865613	0.0444974572383834
ENSRNOG00000029304	824.076413629666	0.168696017941141	0.0565245511937532	2.98447337269234	0.00284066924463359	0.0492697464720199
ENSRNOG00000029441	4481.01627052164	0.26926371617966	0.0840337285184654	3.20423383475711	0.0013542244030647	0.0322667956194786
ENSRNOG00000029529	20.0668337210214	0.863199250475909	0.241943280421523	3.56777526109429	0.000360025087819566	0.0138605078338678
ENSRNOG00000030180	115.453673476642	0.666218846298572	0.213988773634472	3.11333550346236	0.0018498559798058	0.0376693418229634
ENSRNOG00000030232	2500.89443548897	0.159187505868212	0.0430497830080077	3.69775396634638	0.000217515557553236	0.00994636397280606
ENSRNOG00000030355	1628.23477903337	0.171295793306301	0.0481477193185834	3.55771354761109	0.000374096945326786	0.0140798178676474
ENSRNOG00000030597	2653.66600383265	0.313844440136618	0.0985104634283825	3.18589954015173	0.00144304696155301	0.0334353760004548
ENSRNOG00000031421	454.48055654894	0.236102027328176	0.0733016788590044	3.22096343498922	0.00127760447172321	0.0311776704147939
ENSRNOG00000031778	2144.44361393658	0.306584236991271	0.069351376333083	4.42073760034406	9.83645616339444e-06	0.00101241892348407
ENSRNOG00000032293	812.173290808742	0.192354988384057	0.0587220820971315	3.27568406150662	0.00105406404185595	0.0272419382137041
ENSRNOG00000032677	389.825379226751	0.221761730172666	0.06750257883455	3.28523345332046	0.00101897904307223	0.0266272071186232
ENSRNOG00000032798	359.12604775942	0.482235419066908	0.127519852892351	3.78164974416963	0.000155792462195589	0.00807239709938101
ENSRNOG00000032878	1784.06479394416	0.358650576754134	0.0622410260227431	5.76228574096902	8.29823526054237e-09	3.0622512071221e-06
ENSRNOG00000033700	275.595381129062	0.269168746253926	0.0864900510688228	3.11213536039815	0.00185739313098608	0.0377719866556712
ENSRNOG00000034066	12497.424330384	0.423811716498148	0.100263444848916	4.22698140021798	2.36847237098462e-05	0.00195819600945341
ENSRNOG00000034269	84.2625133872726	0.915937219264749	0.246531555280803	3.715294045103	0.000202967527621131	0.0096873775801505
ENSRNOG00000036663	1690.72906865995	0.141480500769375	0.0463934375055873	3.04958003494215	0.00229161564613366	0.0433093278312016
ENSRNOG00000036676	2470.52207293213	0.141740232934388	0.0468942738968147	3.02254883498721	0.00250655635550129	0.0455819683398251
ENSRNOG00000036695	539.46855958881	0.234215687984023	0.0701594575612699	3.33833379169848	0.000842824361624544	0.0234410525576826
ENSRNOG00000036841	509.032314785347	0.258141532287562	0.0792840561782731	3.25590723697488	0.00113030673597527	0.0285513670294735
ENSRNOG00000037476	2535.9589891406	0.72838821704935	0.12170438635504	5.98489700218753	2.16526835735095e-09	1.17001822309714e-06
ENSRNOG00000037658	2438.05621266617	0.294052151897526	0.0945327034634047	3.11058650735995	0.00186716195454555	0.0379196783520458
ENSRNOG00000037687	809.303632532347	0.766584453342643	0.235420672507592	3.25623253547507	0.00112901245363953	0.0285513670294735
ENSRNOG00000038066	238.35502058438	0.497519935087399	0.136409921338077	3.64724156576816	0.000265070698052189	0.0113046703008764
ENSRNOG00000039698	91.3923294405165	0.949984278222521	0.293115285097773	3.24099194590156	0.00119114549247342	0.0295443136083982
ENSRNOG00000039861	416.623191163736	0.289782479869469	0.0957033280334764	3.02792479450772	0.00246239359444501	0.0452685480971483
ENSRNOG00000042086	1042.63467080283	0.649202495486631	0.162456990730477	3.99614995062714	6.43809629327867e-05	0.00423679013455882
ENSRNOG00000042118	697.06826559082	0.310492456984027	0.0934301360361962	3.32325810661068	0.000889725496518158	0.024167947508653
ENSRNOG00000042309	2199.14764743248	0.341748086962939	0.0859978333391613	3.97391508243168	7.07007786454604e-05	0.00455192672725879
ENSRNOG00000042326	236.723586856651	0.479185801195096	0.126102743014734	3.79996334527877	0.000144717491807216	0.00762918345311214
ENSRNOG00000042467	595.485499370462	0.265228324319547	0.0750956350135712	3.53187404662888	0.000412625840476014	0.0152641295022056
ENSRNOG00000042492	1533.03936011204	0.24348375719099	0.0433456861486769	5.61725465265065	1.9401537908153e-08	6.67148337614444e-06
ENSRNOG00000042607	540.114351688726	0.390286531806589	0.107498186706655	3.63063362986408	0.000282726277316462	0.0117882589127074
ENSRNOG00000042833	396.977179917222	0.483576415775124	0.104899210203826	4.60991474421499	4.02834134579622e-06	0.000495518736275584
ENSRNOG00000042888	220.127558009483	0.555588239287889	0.156135476099521	3.55837285136759	0.000373159355286128	0.0140795537293744
ENSRNOG00000043099	881.932903041619	0.185704854648615	0.0533962245095524	3.47786489315163	0.000505424608712399	0.0171844366962216
ENSRNOG00000043113	313.444864886123	0.679981598393902	0.156544016789254	4.3437086408056	1.40097295981295e-05	0.00132479505512312
ENSRNOG00000043498	1473.11152356234	0.255592683370927	0.05812454845713	4.39732763789883	1.09591851256729e-05	0.00108374164020543
ENSRNOG00000045524	803.656735782728	0.234047768303544	0.0722000025445217	3.24165872652456	0.00118836236594399	0.0295443136083982
ENSRNOG00000045568	533.779775033089	0.24811440459306	0.0667039748297403	3.71963447795073	0.000199511299696853	0.00955255052029551
ENSRNOG00000045779	783.588469294418	0.291471338521754	0.0874890132790389	3.33151932565671	0.000863733026204009	0.0238761409691496
ENSRNOG00000046155	16.3690981293213	1.37396088899553	0.317031904015954	4.33382530777213	1.46540474281827e-05	0.0013445707436317
ENSRNOG00000046566	1324.23771314961	0.305080629327518	0.082499759788679	3.69795778931932	0.000217341018810387	0.00994636397280606
ENSRNOG00000046667	243.002049609098	0.700706513811895	0.175888587252598	3.98380886876755	6.78194255068539e-05	0.00438507652956709
ENSRNOG00000046744	178.353296140235	0.479137138975617	0.159305127912797	3.00766927752568	0.00263259461920864	0.0470261589003857
ENSRNOG00000047014	2362.58801477746	0.650153203107805	0.15486462480614	4.19820345622292	2.69040865538312e-05	0.00213119806052076
ENSRNOG00000047213	372.584078515565	0.394393886377757	0.106286415226632	3.71067069612611	0.000206710857664691	0.00977354773895865
ENSRNOG00000047339	4486.271006224	0.364197435765188	0.101431738147023	3.59056684247382	0.000329959596290892	0.0131031199261974
ENSRNOG00000047466	474.49323942762	0.864095624979824	0.151349613856056	5.70926877819218	1.13462587173364e-08	4.08735462841189e-06
ENSRNOG00000047513	1097.02085235437	0.308259967233884	0.0888315892043919	3.47016157196751	0.000520145370776894	0.0175665166514607
ENSRNOG00000047611	1276.37631325945	0.149859802848014	0.0487749632760818	3.07247392478308	0.00212292379701342	0.0413601120234178
ENSRNOG00000047625	484.368875211321	0.206178819966179	0.0567193318514842	3.63507138106007	0.000277903678131035	0.0116746758986028
ENSRNOG00000048617	4430.15113494426	0.261380523312088	0.065188469056808	4.00961285168869	6.08183813167401e-05	0.00408969826365457
ENSRNOG00000048891	1316.88272345294	0.253877066086493	0.072778379960642	3.48835830398791	0.000485996336882915	0.0168627045348429
ENSRNOG00000048981	1699.51298564594	0.36049063000286	0.0808409718391602	4.45925651067241	8.22444456984598e-06	0.000876308777054717
ENSRNOG00000049302	1622.54737258946	0.27894669024045	0.0541663130482987	5.14981867035551	2.6073841463959e-07	5.88801822909999e-05
ENSRNOG00000049437	1864.25603196821	0.569535991899561	0.138256653392463	4.11941109468954	3.79841944854506e-05	0.00280341884177984
ENSRNOG00000049456	299.889889840252	0.394974155864022	0.116092824453441	3.40222712061266	0.000668390662515942	0.0203067283611771
ENSRNOG00000049531	2367.86405911904	0.141609678921403	0.0463106708549801	3.05781964085228	0.00222953721260468	0.0427870889164922
ENSRNOG00000049761	165.057168718642	0.388902220761481	0.103342543343075	3.76323446453615	0.000167729809273766	0.00854259864689241
ENSRNOG00000050197	2838.69740961648	0.316540969659603	0.0642769148862012	4.92464472229294	8.45137615191404e-07	0.000146976231239609
ENSRNOG00000050647	28.890631810606	2.8088908143353	0.398590919469544	7.04705169418673	1.82748441929177e-12	3.45622990798556e-09
ENSRNOG00000050655	1251.07904782286	0.241004804626931	0.0772595055257265	3.11941945508153	0.0018120779584541	0.0373238719925512
ENSRNOG00000050714	846.88682060594	1.06392767882254	0.330827107403508	3.21596282472969	0.00130007672082865	0.0314219820864816
ENSRNOG00000050748	1408.05117558653	0.272269368844812	0.0756694427461881	3.59814158745774	0.000320499136403638	0.0128966806749656
ENSRNOG00000050932	209.280096757096	0.323478398805102	0.103235732464793	3.13339568657025	0.00172796325995212	0.0364123734304673
ENSRNOG00000050997	661.247428910378	0.347622145705601	0.0753626211522346	4.61265996843972	3.97548367822753e-06	0.000495518736275584
ENSRNOG00000051135	754.900298158178	0.280982926543065	0.08309823284597	3.38133455935089	0.000721346563002475	0.0211540273245054
ENSRNOG00000051383	316.190290896641	0.320225954487632	0.0873479477658863	3.66609591499408	0.000246281584512716	0.0108006967352968
ENSRNOG00000051450	213.828283050496	0.31154750887449	0.099906588480057	3.11838802239434	0.00181843226539655	0.0373309093289686
ENSRNOG00000051564	1885.87658495268	0.266778757380545	0.056148284845711	4.75132514044948	2.02087874509492e-06	0.000302731637755308
ENSRNOG00000051915	481.581853162445	0.440333271661829	0.137978644888426	3.19131465610419	0.00141626946625104	0.0329181466107158
ENSRNOG00000052017	15.0460075249925	0.945221106505247	0.317432286731268	2.97770940769315	0.00290411182681181	0.0495368793006344
ENSRNOG00000052142	466.120877953916	0.25485134263633	0.0726965987072733	3.50568454602034	0.000455434649235227	0.016290132962007
ENSRNOG00000052405	352.881486396943	0.468552388119996	0.113960273940454	4.1115414338581	3.93026323180352e-05	0.00287269964720712
ENSRNOG00000052444	934.91299691078	0.51909568969435	0.134594208283122	3.85674611349114	0.000114906399756834	0.00635114989902463
ENSRNOG00000052445	164.139136459462	0.515844412245715	0.14948760354901	3.45075043012911	0.000559030254131515	0.0184272935621129
ENSRNOG00000052572	390.436534956137	0.430373905302118	0.12427308323675	3.46313050334659	0.000533929363183861	0.0179120870620218
ENSRNOG00000052758	6074.76247067708	0.336520764174786	0.105002329529981	3.20488855515059	0.00135114784687523	0.0322442695949876
ENSRNOG00000053168	115.840712215836	0.610515601436433	0.201803751659721	3.02529361528361	0.00248391863125907	0.0453885131533209
ENSRNOG00000053270	129.094543997261	0.529391785271823	0.155599959643742	3.40226171320292	0.000668306059501684	0.0203067283611771
ENSRNOG00000053828	2571.96333391274	0.203051376930394	0.0393479024346476	5.16041172125095	2.46407334018702e-07	5.648701460156e-05
ENSRNOG00000053948	952.232497604251	0.521490141638936	0.140533629624435	3.71078540440874	0.000206617203880624	0.00977354773895865
ENSRNOG00000054421	14.8865024116813	1.06598088756017	0.319892326730408	3.33231152636723	0.000861277862378117	0.0238665458933716
ENSRNOG00000055240	49.5964771514261	0.513091692570133	0.170910963401273	3.00209935254693	0.00268124652674456	0.04750264631106
ENSRNOG00000055371	5230.03605603463	0.125971104033788	0.0411615318913061	3.06040854763219	0.00221035252512734	0.0426020811530913
ENSRNOG00000055433	1190.44856542319	0.197719104426167	0.065690156679077	3.00987414890947	0.0026135595861946	0.0468520812074932
ENSRNOG00000056243	229.940942852826	0.496895476146826	0.104753253338175	4.7434849067904	2.10072602235783e-06	0.000310615876567281
ENSRNOG00000056371	1674.97447262853	0.185837980416586	0.0616350388677552	3.01513528393033	0.00256864656786668	0.0463766379138698
ENSRNOG00000056457	1090.45691578294	0.563804351843983	0.161703718099031	3.48665051411309	0.000489110068379139	0.0168627045348429
ENSRNOG00000056458	539.101649656714	0.266035670135071	0.0798646158608988	3.33108307436711	0.000865087811941381	0.0238761409691496
ENSRNOG00000056550	1162.95012283789	0.269253643408334	0.0754581003057076	3.56825367081191	0.000359368492459287	0.0138605078338678
ENSRNOG00000056585	2043.78001529633	0.366971472642966	0.0887913793127092	4.13296285611862	3.58116618376199e-05	0.00270915221801595
ENSRNOG00000056753	657.223088580112	0.293906468726341	0.096996690778401	3.03006696793193	0.00244499519184161	0.0451682261936062
ENSRNOG00000056941	68.159011009301	0.44497992943975	0.147819620367418	3.0102900300631	0.00260998334914633	0.0468434733957105
ENSRNOG00000057221	4970.40121373473	0.326078341640938	0.103873210606809	3.13919575351572	0.00169412235250413	0.0359134827967389
ENSRNOG00000057848	1498.4367790116	0.377054996100149	0.0961339340639207	3.92218418783777	8.77498698832346e-05	0.00526847433068785
ENSRNOG00000058068	94.6736643342988	0.566969115181116	0.187394788939874	3.02553298514095	0.00248195330999665	0.0453885131533209
ENSRNOG00000058094	499.472641132233	0.500087090436054	0.142393291060857	3.51201300784826	0.000444726231433097	0.0160207330513875
ENSRNOG00000058461	2143.68910061005	0.177420645273492	0.0509716031430822	3.48077428083742	0.000499966632353906	0.017037151233141
ENSRNOG00000058891	215.399124642799	0.389489889459784	0.121833067178873	3.19691442133637	0.00138906131027235	0.0326343130813985
ENSRNOG00000059008	865.338303035678	0.229554485566808	0.0728638275899182	3.15045878263154	0.00163014256303736	0.0350840070821553
ENSRNOG00000059510	1321.79822388635	0.344805424985058	0.0945529789958474	3.64669023278686	0.000265639836029315	0.0113046703008764
ENSRNOG00000059799	436.111527153966	0.308940437475563	0.0699632065336724	4.41575583484548	1.00657652174229e-05	0.00101760227608508
ENSRNOG00000059840	1478.8810841954	0.373406809907617	0.07620361936356	4.90011908917515	9.57785814992699e-07	0.000162823588548759
ENSRNOG00000059866	210.953177548221	0.501324151792448	0.149018489775564	3.36417415414349	0.000767730812900048	0.0219317267113696
ENSRNOG00000060063	234.159003325325	0.279173665855229	0.083228388951338	3.35430817985023	0.000795636958168806	0.0225430471481162
ENSRNOG00000060407	4509.41324635652	0.291940651071087	0.085961334270354	3.39618566357887	0.000683319923972937	0.0205539372757665
ENSRNOG00000060528	3008.99921367348	0.338248856422502	0.102421585431253	3.30251533403122	0.000958218487147722	0.0256145683931891
ENSRNOG00000060550	3906.21920313416	0.124113889543584	0.0386732805142432	3.20929302849996	0.00133061806814546	0.0319160207864592
ENSRNOG00000060956	3086.04396798797	0.207421650471498	0.0459744630901968	4.51167096969812	6.43189085389048e-06	0.000726227676263903
ENSRNOG00000061102	658.736179053122	0.298835846712773	0.0667384135196098	4.47771876724289	7.54448989639891e-06	0.000816059887194234
ENSRNOG00000061231	1071.05000694234	0.47966510755377	0.0699440744139346	6.85783765920002	6.9910638253663e-12	9.61589051616292e-09
ENSRNOG00000061301	132.52209469716	0.333970682884862	0.0971535938764983	3.43755356399276	0.00058699460859979	0.0189769838207582
ENSRNOG00000062261	475.921144722361	0.535245457525118	0.141168393320425	3.79153891983607	0.000149716679917039	0.00782496251114501
