baseMean	log2FoldChange	lfcSE	stat	pvalue	padj
ENSRNOG00000000123	705.545352005508	0.434320808273796	0.110088935343492	3.94518129291248	7.97396257779002e-05	0.0242567826782299
ENSRNOG00000000130	2793.48840006525	0.364705846983104	0.0951780124544107	3.83182877618709	0.000127194252542631	0.0289379394559245
ENSRNOG00000000175	603.335683471925	0.198115189391297	0.0566011619455241	3.50019650801468	0.00046491529770499	0.0475443439114248
ENSRNOG00000000432	210.285025188076	0.365511807038797	0.100960629086946	3.62034003100381	0.00029421610844307	0.0467642398118484
ENSRNOG00000000433	2933.65901316541	0.222821895968539	0.0522306509542486	4.26611370713568	1.98907431596615e-05	0.0153861528587702
ENSRNOG00000001006	1392.33440209039	0.606684482301088	0.150784082238309	4.0235313522169	5.73319478801589e-05	0.0213683927283646
ENSRNOG00000001185	2401.41601702587	0.289903054859957	0.0616773356171886	4.70031741739449	2.59757413616502e-06	0.00602793054038454
ENSRNOG00000001416	1071.58162849353	0.694372265738282	0.157013517509569	4.42237252404694	9.76229483559158e-06	0.01253599405625
ENSRNOG00000001785	2209.82026180288	0.347355189678514	0.0874680923229841	3.9712217387327	7.15049860623667e-05	0.0242282519885045
ENSRNOG00000001796	709.90243171492	0.373209435715254	0.10536554488092	3.54204437643294	0.000397038673615665	0.0475443439114248
ENSRNOG00000002635	410.975487803066	0.382467880715993	0.109028571647024	3.50796011484235	0.000451556744511423	0.0475443439114248
ENSRNOG00000005183	1691.45481962307	0.19360057301044	0.0559566194117048	3.45983326094113	0.000540509970084629	0.0488855271618945
ENSRNOG00000006093	891.685598942899	0.356688323523572	0.090709314228927	3.93221276729513	8.41675185345734e-05	0.0242567826782299
ENSRNOG00000006470	642.322312486928	0.47292629826217	0.103549502903213	4.56715179699329	4.94395991684392e-06	0.00819496670216285
ENSRNOG00000008000	4393.81423993884	0.359393978635936	0.102279664241816	3.51383612079751	0.000441685216098625	0.0475443439114248
ENSRNOG00000008961	2957.27706483093	0.205664692090295	0.0587275597545792	3.50201324471445	0.000461756663670851	0.0475443439114248
ENSRNOG00000010068	305.603769065239	0.359722926235852	0.0947688784505815	3.79579174215335	0.000147173008355718	0.0301124679456811
ENSRNOG00000010386	382.421901918007	0.253518096978028	0.0716413670702646	3.53871104566419	0.000402085724718865	0.0475443439114248
ENSRNOG00000010466	1318.74764739744	0.219495044918192	0.0590896928019203	3.71460798846899	0.000203518946000377	0.037483021118133
ENSRNOG00000011668	128.415659845142	0.701975993440746	0.162108391473176	4.33028782200273	1.48914572060175e-05	0.0129608623371488
ENSRNOG00000011803	311.032454223685	0.441346387170907	0.127583889186493	3.45926425338686	0.00054165320707521	0.0488855271618945
ENSRNOG00000014365	776.131837024081	0.449222112830517	0.128858934817813	3.4861541690194	0.000490018513823139	0.0475443439114248
ENSRNOG00000014448	990.387572578383	0.226503909037257	0.0628641816964383	3.60306780307759	0.000314483452703711	0.0469625591607291
ENSRNOG00000014890	411.132611357468	0.283825202836462	0.0778362420183847	3.64644021186715	0.000265898308603208	0.0453708540400445
ENSRNOG00000015079	1712.29347199087	0.258098215100182	0.0640547421553324	4.02933813197304	5.59341150054492e-05	0.0213683927283646
ENSRNOG00000016143	4297.00811846818	0.206531423733761	0.0595073190633236	3.47068943761329	0.000519124022110382	0.0482577016272255
ENSRNOG00000016566	1517.9702304159	0.181404546360811	0.044072904155475	4.1160107289702	3.85486368655117e-05	0.0194469492848057
ENSRNOG00000016877	3144.36482802377	0.260803853657592	0.073017268833162	3.57181058433595	0.000354521789832262	0.0475443439114248
ENSRNOG00000017284	456.854326899277	0.281493556289493	0.0793742551190209	3.54640879296941	0.000390519897980601	0.0475443439114248
ENSRNOG00000017824	927.919317139597	0.17740758260383	0.0508305394370367	3.49017705829353	0.000482700622968346	0.0475443439114248
ENSRNOG00000017828	2384.36178729743	0.413436850674317	0.118700997774718	3.48301074485471	0.000495808464473188	0.0475443439114248
ENSRNOG00000018295	1768.19049192319	0.157799238459693	0.0445584240134349	3.54140080026426	0.000398008488357464	0.0475443439114248
ENSRNOG00000019321	6293.2886875069	0.413435823116437	0.112510471983743	3.67464304279317	0.000238182175246511	0.041873148172504
ENSRNOG00000019802	410.649458961118	0.280271341040603	0.0780855421943152	3.5892859697785	0.000331584942064819	0.0469625591607291
ENSRNOG00000019869	876.782416494047	0.289402551193442	0.0833941828285784	3.47029662474571	0.000519883883771713	0.0482577016272255
ENSRNOG00000020013	167.735635628231	0.52907786844464	0.120233461318483	4.40042116930479	1.08040972647161e-05	0.01253599405625
ENSRNOG00000020061	983.018793230584	0.227049563180396	0.0632512681249897	3.58964444367704	0.00033112930817913	0.0469625591607291
ENSRNOG00000020867	2053.71139022664	0.245648397077593	0.069113226235753	3.55428925050697	0.000379002130608647	0.0475443439114248
ENSRNOG00000021067	819.199160618111	0.278833783483275	0.0734832438053748	3.79452197594577	0.000147928180031356	0.0301124679456811
ENSRNOG00000021068	1628.20396545121	0.200152862434995	0.05744763139391	3.48409251310252	0.000493808767886953	0.0475443439114248
ENSRNOG00000021781	974.433089709654	0.231269124431987	0.0652261270682311	3.54565164033216	0.000391643577563973	0.0475443439114248
ENSRNOG00000022466	267.534120440883	0.448639604080525	0.127557172390372	3.51716485771199	0.000436182783678837	0.0475443439114248
ENSRNOG00000026109	968.666834343699	0.203027258069647	0.0587255052276468	3.45722454464412	0.000545769881623635	0.0488855271618945
ENSRNOG00000028436	326.402837565311	0.474605260314237	0.132237180111411	3.58904553102523	0.000331890877460983	0.0469625591607291
ENSRNOG00000037476	2535.9589891406	0.501684147533988	0.121787449637093	4.11934192750507	3.7995597286676e-05	0.0194469492848057
ENSRNOG00000047236	146.637949728611	0.374187777787847	0.107941531141355	3.46657837656415	0.000527128028875589	0.0485417977701861
ENSRNOG00000047247	9265.4580404102	0.189468156819411	0.0484849735472481	3.90777065464987	9.31516654244577e-05	0.024312066315278
ENSRNOG00000047466	474.49323942762	0.655144024527988	0.151671296021383	4.31949908594191	1.56383756545792e-05	0.0129608623371488
ENSRNOG00000048617	4430.15113494426	0.253004374805343	0.0651941272879993	3.88078474749236	0.00010411996290204	0.0254067574123605
ENSRNOG00000051051	197.301812776455	0.409012660990652	0.11054441649131	3.69998480224285	0.000215612378732583	0.0390898504755338
ENSRNOG00000053828	2571.96333391274	0.151293226613511	0.039416491161507	3.83832305096856	0.000123877436267407	0.0287469978602145
ENSRNOG00000058484	668.083315944261	0.2129362708145	0.0505044757499984	4.21618614295797	2.48468690536628e-05	0.0169587189193911
ENSRNOG00000060137	221.987209091682	0.329805565168166	0.0816778401875578	4.03788303425788	5.39357325224769e-05	0.0213683927283646
ENSRNOG00000061231	1071.05000694234	0.348831283911588	0.0701522081336918	4.97249186008239	6.60977473460407e-07	0.00383466081228055
