baseMean	log2FoldChange	lfcSE	stat	pvalue	padj
ENSRNOG00000000043	934.689624139037	-0.417879685943451	0.11650832743985	-3.58669371645722	0.000334897296344762	0.0131785899236486
ENSRNOG00000000108	400.762781934035	-0.332326390231648	0.102177969034486	-3.25242704833451	0.00114423964181344	0.0287363192401656
ENSRNOG00000000164	1407.84815425182	-0.327931490297495	0.0986115998649827	-3.32548595445661	0.000882645472257937	0.0241054620853115
ENSRNOG00000000219	514.338475369539	-0.216336316554707	0.0535007915682417	-4.04360964040623	5.26345253226161e-05	0.00361981985514174
ENSRNOG00000000233	53.2541685489482	-0.473256320572727	0.141615098404301	-3.34184932189656	0.000832222244551576	0.023231591439235
ENSRNOG00000000288	155.138521566607	-0.646548312948403	0.175625919761541	-3.68139460181199	0.000231961677445881	0.0103833733128881
ENSRNOG00000000312	949.685716802172	-0.204979198405949	0.0592835810108565	-3.4576048698612	0.000545000080281349	0.018083007049686
ENSRNOG00000000436	92.0697003510624	-0.548543748023005	0.179208803102947	-3.06091965642945	0.00220658296301653	0.0425836737633165
ENSRNOG00000000466	275.280377121244	-0.307246463408482	0.0846674161089374	-3.62886311557168	0.00028467212742816	0.0117882589125322
ENSRNOG00000000571	22678.97821087	-0.0998751606857103	0.0320500604305122	-3.11622378691765	0.00183183199793079	0.0375042193893003
ENSRNOG00000000586	428.999818439221	-0.237935457484943	0.0722646105279558	-3.29255849781265	0.000992802420785354	0.0262148352992712
ENSRNOG00000000658	223.783017290262	-0.939463221988394	0.216689479258337	-4.33552761861763	1.45410914711566e-05	0.00134457074361798
ENSRNOG00000000866	634.088585758066	-0.305151891843176	0.0643487833204894	-4.74215480226511	2.11456941749011e-06	0.000310615876569178
ENSRNOG00000000920	101.260300396259	-0.983412979900264	0.202126392304513	-4.86533682557747	1.14262047400221e-06	0.000189092908489719
ENSRNOG00000001299	2076.25673590661	-0.254530892525407	0.0800010019212758	-3.18159631020466	0.00146465815598739	0.0336782338907131
ENSRNOG00000001309	2784.07100874996	-0.301357533798848	0.0889877075998872	-3.38650743936267	0.000707883572060122	0.0210477887512344
ENSRNOG00000001410	1356.80100084677	-0.20564331307988	0.0544783380692349	-3.77477214555507	0.000160153982411482	0.00821399916571429
ENSRNOG00000001469	445.619513511392	-0.831580930738837	0.248031147576571	-3.35272782819389	0.000800193531508758	0.0226297722088365
ENSRNOG00000001517	643.278829908183	-0.399262727673401	0.0680374230162906	-5.86828116017567	4.40336094842165e-09	1.80061759863837e-06
ENSRNOG00000001657	1441.08353849185	-0.126245355685748	0.0412725247471989	-3.05882318707232	0.00222208255299127	0.0427736756065623
ENSRNOG00000001736	795.40406448809	-0.136617885345946	0.0431838093436724	-3.1636367291892	0.00155811144229745	0.0343165927979101
ENSRNOG00000001766	2305.56386470304	-0.274350406089433	0.0786504260236011	-3.48822530226482	0.000486238167165007	0.0168627045350931
ENSRNOG00000001786	994.248683366796	-0.196147700988475	0.0580816180822259	-3.37710462388961	0.00073253181254656	0.0213549254794402
ENSRNOG00000001953	73.3371682593924	-0.607848306433409	0.185579609746877	-3.27540459462379	0.00105510745494367	0.0272419382138187
ENSRNOG00000002135	1944.68101560909	-0.241156745652266	0.063070276123664	-3.82361962677033	0.000131506741801553	0.00703073146098058
ENSRNOG00000002145	110.368905154074	-0.617567413294247	0.184537675735438	-3.34656546872099	0.000818193562832583	0.0229245714919574
ENSRNOG00000002225	2746.65182946582	-0.313700461275389	0.0565949951508848	-5.54290110705106	2.97500900346576e-08	9.78519265705151e-06
ENSRNOG00000002270	2924.59647178735	-0.281872944299097	0.0610211070534715	-4.61926959227563	3.85093240215374e-06	0.000495518736287126
ENSRNOG00000002365	1113.53929323102	-0.529273231887046	0.17567054759711	-3.01287403680725	0.0025878630832938	0.0465948354221473
ENSRNOG00000002368	963.481482507539	-0.264219922865416	0.0741866775524686	-3.56155487187772	0.000368665037526978	0.0140344223060637
ENSRNOG00000002449	630.621696605064	-0.210418549402815	0.0607130117038659	-3.46579000938306	0.000528676017536226	0.0177752625451625
ENSRNOG00000002471	37.6817057827957	-0.587966310745763	0.196537652939937	-2.99162171701241	0.00277499889607574	0.0485384199972555
ENSRNOG00000002607	565.591300898837	-0.575050138782077	0.156364501263331	-3.67762589421524	0.000235414892318542	0.010506865253037
ENSRNOG00000002636	3504.26897883076	-0.267041568806032	0.0709753848108625	-3.76245327190057	0.000168254751937418	0.00854259864702395
ENSRNOG00000002960	45.0335856747083	-0.775981166708712	0.232980184130928	-3.33067453613408	0.000866358320694865	0.023876140969241
ENSRNOG00000003005	429.352834919076	-0.63807506328086	0.0900891402114407	-7.0827078800318	1.4136446917749e-12	3.05549202665061e-09
ENSRNOG00000003026	686.392118453816	-0.219504878656882	0.0584178250271679	-3.75749830731971	0.000171620527500978	0.00862663980428506
ENSRNOG00000003068	74.9080754658851	-0.543743548677071	0.136946581174076	-3.97047917527714	7.17282257259045e-05	0.00459850870861413
ENSRNOG00000003237	854.885219794275	-0.698753124751857	0.150636760019272	-4.63866273187542	3.50670764889812e-06	0.000461360754155031
ENSRNOG00000003307	1066.87975538291	-0.188010564997437	0.0556620276210298	-3.377716785265	0.000730903159682741	0.0213485807065635
ENSRNOG00000003455	256.534230002683	-0.279444684415772	0.0903991124255485	-3.09123261189007	0.00199327416291196	0.0394873114619919
ENSRNOG00000003463	1113.06627348299	-0.501230360329488	0.159422887196305	-3.1440301273198	0.00166638282900505	0.0356106952017605
ENSRNOG00000003470	421.735798600607	-0.229232521214353	0.0724956018549497	-3.16201969980199	0.00156678964551275	0.034455708338093
ENSRNOG00000003515	316.618100518625	-0.489086763345755	0.154045561896089	-3.17494874455175	0.00149862970143249	0.0339944038720744
ENSRNOG00000003699	143.150218869969	-0.385982054234244	0.119579551054204	-3.22782658766867	0.00124734565256817	0.0306369151353188
ENSRNOG00000003720	140.671852710509	-0.675465085429648	0.187394672338942	-3.60450527754563	0.000312748094279701	0.0127019627074202
ENSRNOG00000003743	861.520188574709	-0.191691270526416	0.0570637242071539	-3.35924921111939	0.000781545527841324	0.0222437985120368
ENSRNOG00000003809	1383.29316154484	-0.660499132710758	0.124469471979148	-5.30651510132068	1.11740907646434e-07	3.07389078671009e-05
ENSRNOG00000003827	333.598686733327	-0.284681269510215	0.0886988829728102	-3.20952485498021	0.00132954551175129	0.0319160207865325
ENSRNOG00000003840	651.983049721405	-0.420267869816524	0.124784641143796	-3.36794549364636	0.000757305665324753	0.0217420013593236
ENSRNOG00000003866	41.432175199442	-1.06374429756517	0.231705141586007	-4.59093954620042	4.41255142675891e-06	0.000529856373705257
ENSRNOG00000004063	197.960235445155	-0.369803483434689	0.123502872098123	-2.99429055496684	0.00275083846472868	0.048339356528856
ENSRNOG00000004327	96.9420250711795	-1.13670843210412	0.234658396054313	-4.84409870355128	1.27187697351089e-06	0.000202563143254945
ENSRNOG00000004466	283.663873329168	-0.599209534721688	0.141746614557105	-4.22732872029397	2.36482062381235e-05	0.00195819600951294
ENSRNOG00000004553	714.609004804526	-0.207596613539671	0.0679693752039378	-3.05426690942488	0.00225611258098849	0.0429911629097681
ENSRNOG00000004577	502.107190724753	-0.292151650383481	0.0707733037566208	-4.1279922636952	3.65944423461353e-05	0.00274095996384667
ENSRNOG00000004604	1096.17278564935	-0.184715496140046	0.0527652363850885	-3.50070441818861	0.000464030205404463	0.016416743107524
ENSRNOG00000004660	142.420618670424	-0.517062538429454	0.141022783853485	-3.66651773777672	0.000245875871345408	0.0108006967353556
ENSRNOG00000004668	83.1497885478088	-0.512815001159485	0.155875602136883	-3.28989908702424	0.00100223319252305	0.0263718055702151
ENSRNOG00000004681	996.126807938362	-0.158699604329176	0.048261730057673	-3.28831154912037	0.00100790236063	0.0264290515014419
ENSRNOG00000004737	366.965568181533	-0.549721013649612	0.179968621097899	-3.05453812056812	0.00225407366364102	0.0429911629097681
ENSRNOG00000005122	62.5625937095474	-0.542602988800442	0.145632144582154	-3.72584631200256	0.000194660988985872	0.00938526318982745
ENSRNOG00000005144	537.176577695677	-0.336417078498266	0.07185729631708	-4.68173860889199	2.84452045571982e-06	0.000398496245324452
ENSRNOG00000005177	141.151935831773	-0.410397611335071	0.136369600942956	-3.00945084899634	0.00261720421845292	0.0468618932842517
ENSRNOG00000005214	89.2398539993201	-0.517474597619762	0.164083637472669	-3.15372456138995	0.00161201152652457	0.0349767764798492
ENSRNOG00000005348	866.272511638389	-0.490150277328727	0.106144413760627	-4.61776800081159	3.87889558369858e-06	0.000495518736287126
ENSRNOG00000005387	1172.52008952009	-0.628952390989599	0.0967966392686771	-6.49766764364437	8.15747692398895e-11	6.85681254777516e-08
ENSRNOG00000005388	417.433732478924	-0.606026978230827	0.0790501139020595	-7.66636438983092	1.76940052376823e-14	8.92367664153779e-11
ENSRNOG00000005513	5103.32867884444	-0.197625969581528	0.0421086677896987	-4.69323728236956	2.6891527190903e-06	0.000380278676217833
ENSRNOG00000005697	1654.58720736847	-0.454432679929063	0.135018218862509	-3.36571378112918	0.000763458816908947	0.0218771437496825
ENSRNOG00000005854	92.7821013974775	-0.968751464463086	0.277813462738568	-3.48705730425567	0.000488366703997782	0.0168627045350931
ENSRNOG00000005936	55.7951493837169	-0.515990981957019	0.164183672887868	-3.14276671292049	0.0016735916513375	0.0356451626352102
ENSRNOG00000006236	77.350735422106	-0.665870376458368	0.210806519917292	-3.15868018085787	0.00158485306730499	0.0346514839715671
ENSRNOG00000006355	2268.87743455074	-0.338704429649	0.080334498702444	-4.21617655079356	2.48479254019094e-05	0.00202833377076679
ENSRNOG00000006508	97.7227842064348	-0.477683515839521	0.154986449486017	-3.08209857973821	0.00205546754237294	0.0404937811407586
ENSRNOG00000006523	1134.35689893269	-0.182413639206641	0.058357492579421	-3.12579638267335	0.00177324283586869	0.0370057435954391
ENSRNOG00000006720	1147.85109584417	-0.186945948938641	0.0561686834481601	-3.32829501177787	0.000873792829355657	0.0239688393478477
ENSRNOG00000006727	160.583937492301	-0.398723602275043	0.111540878593912	-3.57468586675457	0.00035064864249725	0.0136033691307266
ENSRNOG00000006795	623.458535835424	-0.223569049752169	0.0599104949847229	-3.73171761991249	0.000190178616821152	0.00929192250223767
ENSRNOG00000006859	1213.62641324341	-0.423720370434036	0.0654073944721138	-6.47817229005641	9.28403097857947e-11	7.39302045820565e-08
ENSRNOG00000006893	928.364411649795	-0.313848513490356	0.065070772519689	-4.8231871443572	1.41282296371618e-06	0.000222666785844019
ENSRNOG00000007044	438.816231367077	-0.643481202383735	0.0937447924872155	-6.8641807753907	6.68739023067554e-12	9.6158905164467e-09
ENSRNOG00000007098	116.814508490585	-0.384049222873835	0.103964112329069	-3.6940557108614	0.000220705414497501	0.0100580509679132
ENSRNOG00000007102	1356.02684198409	-0.799657258808569	0.180623544930184	-4.42720387930411	9.54624934726453e-06	0.000989279127562413
ENSRNOG00000007237	942.07630434336	-0.254809391248131	0.0790570668121924	-3.22310707344424	0.00126808142595948	0.0309952697492196
ENSRNOG00000007241	1153.84747372114	-0.21867356439643	0.0699215742509119	-3.12741191455051	0.0017635265603518	0.0369047812698793
ENSRNOG00000007369	1662.46869942148	-0.231792275617687	0.0451216420164869	-5.13705320238552	2.79079967401365e-07	6.03211415254664e-05
ENSRNOG00000007370	1123.68813984849	-0.242819999993904	0.0577926670187633	-4.20157110788932	2.6506896002547e-05	0.00212195416147374
ENSRNOG00000007551	138.214395287504	-0.398168082717087	0.125762526569863	-3.16603119845797	0.00154534218283955	0.0343165927979101
ENSRNOG00000007629	618.103596585488	-0.216643200553155	0.0634164651692847	-3.41619798541034	0.000635020596368038	0.0198825434608767
ENSRNOG00000007707	259.537419519485	-0.372098147572794	0.122879895634046	-3.02814504889356	0.0024605995113193	0.0452685480975162
ENSRNOG00000007862	1185.82192924905	-0.361649594252779	0.0666705607874634	-5.42442706317812	5.81407242541545e-08	1.79524317952114e-05
ENSRNOG00000007865	679.574945746366	-0.270173436610596	0.0835925720407105	-3.23202684179904	0.00122915509582054	0.0302884635175323
ENSRNOG00000007981	2101.54612508029	-0.449852733004249	0.130104089926214	-3.45763713699833	0.000544934816207702	0.018083007049686
ENSRNOG00000008012	1482.4025167905	-0.552120365457249	0.156451712962738	-3.52901451190086	0.000417110256841821	0.0153549347591649
ENSRNOG00000008088	2480.48582794857	-0.330867549331626	0.110405951217895	-2.99682712464143	0.00272805369475847	0.0480122087471006
ENSRNOG00000008151	91.8064904562136	-0.687006879009777	0.223612029851619	-3.07231627683739	0.00212404540929062	0.0413601120238959
ENSRNOG00000008270	80.6945603441113	-0.506449541480741	0.155797275923962	-3.25069574212527	0.00115122988625819	0.0287918185378853
ENSRNOG00000008362	168.839563480876	-0.442530099523767	0.126496131961961	-3.49836862724658	0.000468113642720336	0.0164328524695097
ENSRNOG00000008445	55.2148533910971	-0.561268890341375	0.188436068041739	-2.97856400939682	0.00289602533270209	0.0495219869145778
ENSRNOG00000008543	35.7912971862128	-0.950093499512923	0.280566924054458	-3.38633466049088	0.000708329453351987	0.0210477887512344
ENSRNOG00000008637	544.511944234745	-0.27659647085989	0.0768433361342564	-3.59948545670422	0.000318847463933461	0.0128644323448354
ENSRNOG00000008712	262.598061099489	-0.282088348918843	0.0881159061811823	-3.20133289373225	0.00136793393988712	0.0324401888879187
ENSRNOG00000009103	111.633825097254	-0.412153709393504	0.118373203610672	-3.48181595852616	0.000498025853915386	0.0170093254395932
ENSRNOG00000009329	1415.22247984011	-0.352066916453148	0.0979211644343187	-3.59541186511624	0.000323878766013599	0.0129981053840471
ENSRNOG00000009371	29.1730532221244	-0.87091062218478	0.263573190734645	-3.30424585200541	0.000952322781304354	0.025502024214398
ENSRNOG00000009592	816.34735195291	-0.323719916631411	0.0766824815947342	-4.2215628641528	2.42614270364215e-05	0.00199497495141879
ENSRNOG00000009681	1649.68177841695	-0.163762152126997	0.0422567826803764	-3.87540512408784	0.000106447449711656	0.00603202215032715
ENSRNOG00000009782	48.0202762128386	-0.546270770859635	0.17918837418057	-3.04858377870627	0.00229922793001491	0.0433093278313351
ENSRNOG00000009848	58.613608707508	-0.592760642242208	0.194565547281117	-3.04658584485033	0.00231456376563054	0.0434799785934644
ENSRNOG00000009892	244.251386507167	-0.413908138353949	0.106450842409666	-3.88825610943558	0.00010096705704704	0.00579505457753362
ENSRNOG00000010031	578.544888298874	-0.600851854731542	0.18917670749955	-3.17614077691341	0.00149248505061365	0.0339882956326267
ENSRNOG00000010037	295.695744375891	-0.328069356604958	0.103700587250701	-3.16362101028256	0.00155819558837834	0.0343165927979101
ENSRNOG00000010111	29.2736741569632	-0.774520401952475	0.209067880422333	-3.70463602724572	0.000211694482621156	0.00983911850534597
ENSRNOG00000010149	52.7705573469439	-0.842325537443693	0.189741556882981	-4.43933079964755	9.02390258828868e-06	0.000941597559729708
ENSRNOG00000010381	481.868597621138	-0.28623155620997	0.0839967292592206	-3.40765121135416	0.000655245920516371	0.0201092713537783
ENSRNOG00000010489	235.363741775156	-0.290658670693788	0.0955476417596512	-3.04202872348159	0.00234989469638773	0.0439573507536241
ENSRNOG00000010537	417.769776308875	-0.197496057882435	0.0583683078538318	-3.38361801368325	0.00071537455849288	0.0210986687524313
ENSRNOG00000010691	50.5743827757676	-0.657467605077371	0.1906569979042	-3.44843154095886	0.000563852383700326	0.0185119750326851
ENSRNOG00000011032	755.405034325347	-0.554995800369112	0.161033912581519	-3.44645293324883	0.000567997497046148	0.0185370376641618
ENSRNOG00000011042	50.4194184779774	-0.794421229638344	0.248707812771411	-3.19419491002681	0.00140221410355263	0.0327399681894309
ENSRNOG00000011094	278.941122838555	-0.41763638902541	0.106108486623967	-3.935937664491	8.28724836319877e-05	0.00506518542401233
ENSRNOG00000011195	361.391243235496	-0.225766580665896	0.0724746743681485	-3.11510996957465	0.00183876343729017	0.0375952578462167
ENSRNOG00000011276	378.12984091979	-0.250237126900691	0.0675536768238371	-3.70427101330467	0.000211999513069583	0.00983911850534597
ENSRNOG00000011636	790.159966637158	-0.209646076643995	0.0642365420940162	-3.26365756639201	0.00109984008382112	0.0281090886287392
ENSRNOG00000011683	65.685358699428	-0.529790875734142	0.166332081647144	-3.18513945408342	0.00144684267848903	0.0334720638005185
ENSRNOG00000011910	658.58576504443	-0.206442399333448	0.0691590410576695	-2.9850384877561	0.00283542645287841	0.0492537339059131
ENSRNOG00000012040	12.9004186274441	-1.11917440640152	0.329260480588264	-3.39905476782994	0.000676191744623626	0.0204547553020001
ENSRNOG00000012058	318.968673596333	-0.500548616118324	0.154604530378269	-3.23760639415699	0.00120536984971073	0.0298481928414458
ENSRNOG00000012325	846.948983718954	-0.364866551079201	0.0996241157835245	-3.66243201467431	0.000249832068456171	0.0109247375599476
ENSRNOG00000012333	1163.99791815667	-0.243432409485459	0.0541912935595649	-4.492094458271	7.05261284790537e-06	0.000784603179329472
ENSRNOG00000012404	405.811979233115	-0.635692203748031	0.202777679422895	-3.13492197739519	0.00171899824759613	0.0362739797575027
ENSRNOG00000012609	18.4123445291147	-1.45372417871992	0.396278035970447	-3.66844499761358	0.000244030177485826	0.0107840871719135
ENSRNOG00000012806	1187.31964945072	-0.1468607853403	0.0375611432052394	-3.90991255345535	9.23295397105843e-05	0.0054902382754859
ENSRNOG00000012820	3382.98982810352	-0.371388352743459	0.124130739721319	-2.99191282978937	0.00277235412712543	0.0485384199972555
ENSRNOG00000012874	1012.65475621298	-0.286232340461741	0.0910729351531189	-3.1428913538419	0.00167287919848345	0.0356451626352102
ENSRNOG00000012876	355.358012705282	-0.994391149521653	0.268832684660944	-3.6989220666222	0.000216517065077461	0.00994636397312014
ENSRNOG00000012952	566.750439742299	-0.415048852494534	0.133584774843527	-3.10700716440701	0.00188991818375115	0.0382251451181769
ENSRNOG00000012966	430.471260774219	-0.465305689258323	0.137473935042821	-3.38468298818528	0.00071260502755067	0.0210986687524313
ENSRNOG00000013017	6348.6034570633	-0.277409884833608	0.0385991563130756	-7.18694166741759	6.62587012200492e-13	2.00498829891869e-09
ENSRNOG00000013023	1353.20801719497	-0.268625957715868	0.0754455127966754	-3.5605292847543	0.000370108030411066	0.0140344223060637
ENSRNOG00000013024	714.332623230217	-0.299314734940663	0.0742966121182764	-4.02864580775458	5.60990630352892e-05	0.00383393829165926
ENSRNOG00000013067	125.36090677646	-0.596008929913867	0.113626534948665	-5.24533226488983	1.56000929797363e-07	4.0004984200578e-05
ENSRNOG00000013118	370.964465387003	-0.3834821606882	0.10768635726715	-3.56110254279333	0.000369300811379824	0.0140344223060637
ENSRNOG00000013152	461.951761395023	-0.370568063718268	0.106303265607058	-3.48595183414258	0.000490389292494446	0.0168627045350931
ENSRNOG00000013202	233.80868761155	-0.34156822761104	0.101937457687949	-3.35076266720964	0.000805893391651501	0.0227484459247896
ENSRNOG00000013376	298.445899988051	-0.28875978859969	0.0739176336140136	-3.90650747976523	9.3639746050715e-05	0.00552426679205061
ENSRNOG00000013552	492.729511373457	-0.53650437131921	0.136869136587153	-3.91983455654799	8.8609776399512e-05	0.00529907477045303
ENSRNOG00000013554	10.4345744687055	-1.11251687600785	0.330163113293382	-3.36959772674324	0.000752779922211616	0.0216864848699878
ENSRNOG00000013555	130.682777988173	-0.552002560324654	0.156607227280632	-3.52475789214691	0.000423869999232494	0.0155659055543389
ENSRNOG00000013683	2904.28954955417	-0.670259767051315	0.179624625425783	-3.73144698541488	0.000190383078367064	0.00929192250223767
ENSRNOG00000013934	642.399815631483	-0.325395691050078	0.0850877674028474	-3.82423585648327	0.000131178295860975	0.00703073146098058
ENSRNOG00000014087	1152.71089625072	-0.286109768857396	0.0782657821959757	-3.65561757424188	0.000256563586126167	0.0111226563269023
ENSRNOG00000014125	33.1966212454956	-1.02573920320009	0.306313220528609	-3.34866122144501	0.000812030209359281	0.0228604286743369
ENSRNOG00000014193	82.1548382623931	-0.427337869080967	0.133447366522028	-3.20229525856118	0.00136337178108008	0.0323827551769885
ENSRNOG00000014294	149.551576577099	-0.455525706224731	0.151730533327137	-3.00220197106009	0.00268034279914374	0.0475026463107045
ENSRNOG00000014395	246.138233178404	-0.489118694017681	0.154090283572882	-3.17423449861027	0.00150232263156683	0.0339969893433299
ENSRNOG00000014424	100.976921958792	-0.770995637279929	0.15212334134736	-5.06822707449892	4.01538209410582e-07	8.43787931719736e-05
ENSRNOG00000014453	1403.84422283756	-0.314120424017789	0.0915305856395438	-3.43186293218778	0.000599450446242822	0.0192562319568023
ENSRNOG00000014490	28.1851004668819	-1.20682816938015	0.305687330606337	-3.94791686978451	7.88341674456219e-05	0.00491224768318067
ENSRNOG00000014543	470.4496921805	-0.252109232576339	0.0717037235389463	-3.51598522550094	0.000438125364245349	0.0158964910336502
ENSRNOG00000014556	571.676787543553	-0.444877442764558	0.100802560776015	-4.41335457492079	1.01781095313402e-05	0.00101983309410051
ENSRNOG00000014642	179.380739636559	-0.31139327781995	0.101855440812307	-3.05720809155169	0.0022340912256431	0.0427870889164305
ENSRNOG00000014718	4141.51259420342	-0.23781538584126	0.0716312513864437	-3.31999485194344	0.000900191081002516	0.0243647424965439
ENSRNOG00000014956	83.4399317268278	-0.800041861005364	0.266578737340839	-3.00114656174718	0.00268965074811629	0.0475901152316508
ENSRNOG00000015020	935.253690899702	-0.267882725112112	0.086515413075177	-3.09635838968181	0.00195913414345439	0.039151139681689
ENSRNOG00000015054	260.389851176436	-0.332328072939414	0.0745940687728884	-4.45515412158614	8.38329488236851e-06	0.00088698777321843
ENSRNOG00000015124	1685.48227966369	-0.42683107545059	0.134416516111246	-3.17543623208726	0.00149611400471443	0.0339882956326267
ENSRNOG00000015155	428.735747265131	-0.704409368412019	0.203072864535763	-3.46875181980784	0.0005228822378812	0.0176196175036583
ENSRNOG00000015239	179.67743585866	-0.351007969686812	0.11403583860888	-3.07804961991553	0.00208360218097307	0.0409414298676916
ENSRNOG00000015318	489.394518959343	-0.55206736324144	0.174763488993745	-3.15893992744216	0.00158344125433409	0.0346514839715671
ENSRNOG00000015321	520.75864250553	-0.524710645807931	0.168340090792926	-3.11696781994359	0.00182721516216669	0.037460386725721
ENSRNOG00000015354	365.161284002809	-0.793201168015172	0.229643384203197	-3.45405625669285	0.000552222168205348	0.0182825413674987
ENSRNOG00000015448	185.182310938068	-0.715846887039086	0.19960341781278	-3.58634583958137	0.000335344158665215	0.0131785899236486
ENSRNOG00000015594	435.227333176454	-0.506339770993367	0.165741545709474	-3.0549960712984	0.00225063470289343	0.0429911629097681
ENSRNOG00000015618	141.338404066627	-0.73061848810274	0.216461223857345	-3.37528576750652	0.000737390781678498	0.0213912643672751
ENSRNOG00000015654	258.861700574798	-0.449417111023538	0.15016203109889	-2.99288114135571	0.0027635735424249	0.0484705844355286
ENSRNOG00000015768	76.9968155392851	-0.787226109573554	0.232854451849488	-3.38076469365678	0.000722844159081778	0.0211540273247723
ENSRNOG00000015810	24.3147831997297	-0.764335549889291	0.248569835332677	-3.0749328407702	0.00210549959066178	0.0412645191796797
ENSRNOG00000015869	601.764185021935	-0.244014357562254	0.0668130184646963	-3.65219777776079	0.000260005509148693	0.0111758049813061
ENSRNOG00000015999	873.101336167565	-0.502417096529773	0.0845976287751391	-5.93890282510401	2.86935871695477e-09	1.44711324625085e-06
ENSRNOG00000016013	4079.92678056305	-0.459193334342341	0.145701344387378	-3.15160670804435	0.00162374819851001	0.0350460916454444
ENSRNOG00000016103	287.064863420788	-0.51836072269996	0.130007763643926	-3.9871520605468	6.6871169189173e-05	0.00434232098640424
ENSRNOG00000016117	443.11316966293	-0.411599591492878	0.133154905930961	-3.09113350811338	0.00199393958737355	0.0394873114619919
ENSRNOG00000016123	799.322352330189	-0.297702701885889	0.0807217062055908	-3.68801300021667	0.000226012105719524	0.0102382130525042
ENSRNOG00000016152	978.435842852589	-0.224884213053334	0.0631241505726137	-3.56257012590835	0.000367241765218613	0.014031232090297
ENSRNOG00000016226	112.40307865246	-0.419672141510504	0.113413985715783	-3.70035616737963	0.00021529708049853	0.00994636397312014
ENSRNOG00000016239	322.196897077454	-0.438889606997784	0.0848955900283723	-5.16975742616438	2.34398047875066e-07	5.45606532976885e-05
ENSRNOG00000016306	198.437188029723	-0.484355835163944	0.124002976735122	-3.90600167767389	9.38358602483151e-05	0.00552426679205061
ENSRNOG00000016346	341.997865381205	-0.477990912230288	0.157733202460709	-3.03037600691176	0.0024424945311696	0.0451682261941423
ENSRNOG00000016448	682.652584455473	-0.447468891455265	0.132244536936703	-3.38364745962579	0.000715297848283728	0.0210986687524313
ENSRNOG00000016497	325.45354225466	-0.287863560337553	0.0897369644856337	-3.20785934745584	0.00133726881687267	0.0320140462013978
ENSRNOG00000016528	946.794906522354	-0.190755293877712	0.0595565491607431	-3.20292724420388	0.00136038344701189	0.0323625810586318
ENSRNOG00000016551	147.029865238818	-0.554136442269743	0.119282204202421	-4.64559190513765	3.39102764383541e-06	0.000454037595143627
ENSRNOG00000016552	6429.247959674	-0.23901641014691	0.0733521746070086	-3.25847749473636	0.00112011760351257	0.0284829904893197
ENSRNOG00000016870	621.828261990127	-0.245707289537063	0.0757271415290413	-3.24463969688906	0.00117599318564538	0.0293126472797603
ENSRNOG00000016896	5538.09165880205	-0.273146008102046	0.0792565103713486	-3.4463542089129	0.000568205062477974	0.0185370376641618
ENSRNOG00000016910	1268.26773279674	-0.218760206098761	0.0562669792149724	-3.88789675846948	0.000101116616554453	0.00579505457753362
ENSRNOG00000016967	27.4491539762061	-0.921810329405757	0.252863112027494	-3.64549151520973	0.000266881220954207	0.0113106803166307
ENSRNOG00000016984	1765.32330827235	-0.129724580654934	0.041759925432194	-3.10643707603283	0.00189356603753278	0.0382251451181769
ENSRNOG00000017631	328.676053367586	-0.310184802878625	0.0991665370196389	-3.12791806793854	0.00176049249216734	0.0368923149674403
ENSRNOG00000017702	826.113321154487	-0.361088880923801	0.107501356254303	-3.35892395691844	0.000782465956657111	0.0222437985120368
ENSRNOG00000017752	451.517029098511	-0.362358141657914	0.0987742425504559	-3.66854892835866	0.000243931015601199	0.0107840871719135
ENSRNOG00000017808	279.936535655377	-0.420912299866073	0.131736895415194	-3.19509806679053	0.00139783334450087	0.0327387283317309
ENSRNOG00000017857	972.064545210728	-0.200524467426713	0.0673134881651943	-2.97896414065788	0.00289224624119588	0.0495219869145778
ENSRNOG00000017869	210.208575854149	-0.545866218853191	0.177501815166026	-3.07527119281916	0.00210311227543315	0.0412645191796797
ENSRNOG00000017874	150.461529205816	-0.571055828416131	0.166383038634957	-3.43217573799107	0.000598759426653019	0.0192562319568023
ENSRNOG00000017900	903.044866569848	-0.24670304214284	0.0691902590517988	-3.56557477199425	0.000363059630126553	0.0139418583853166
ENSRNOG00000017915	309.685338293923	-0.258473250231893	0.081433064146707	-3.17405777297336	0.00150323766494962	0.0339969893433299
ENSRNOG00000018029	95.2020085272147	-0.595424485709006	0.196771790616161	-3.02596466619796	0.00247841263369603	0.0453885131538433
ENSRNOG00000018086	587.442292282983	-0.697475802378822	0.229284818659651	-3.04196242235362	0.00235041234792365	0.0439573507536241
ENSRNOG00000018110	575.988782280983	-0.630786218169568	0.170161656850313	-3.70698211245353	0.000209743751013841	0.00983911850534597
ENSRNOG00000018194	2230.5924941553	-0.151949787761248	0.0498447717945409	-3.04845989440139	0.00230017613370539	0.0433093278313351
ENSRNOG00000018237	695.65534948632	-0.218624290235814	0.0706148561689093	-3.09600984972438	0.00196143845860676	0.039151139681689
ENSRNOG00000018246	442.324444440116	-0.209747985748855	0.0586463975022352	-3.57648542249949	0.00034824472669621	0.0135448398840968
ENSRNOG00000018366	2373.87795639381	-0.279791008835172	0.0902749683753941	-3.0993199318742	0.00193965443214007	0.0389217129420149
ENSRNOG00000018369	50.7651211975007	-0.629502724230139	0.195684350808256	-3.2169293131006	0.00129570517964571	0.0313664309888632
ENSRNOG00000018372	2457.55400614339	-0.243852331279753	0.0614433901105483	-3.96873171940898	7.22561740034674e-05	0.00461280975811165
ENSRNOG00000018413	860.419424138509	-0.37556929449225	0.11693288962426	-3.2118362566688	0.00131889524099667	0.0317752945800631
ENSRNOG00000018461	889.046969707346	-0.510374363790765	0.160380226970982	-3.18227735070552	0.00146121816241051	0.033650275186105
ENSRNOG00000018564	370.950162933044	-0.265930237011426	0.0838703148281679	-3.17073135538193	0.00152055694606784	0.0341335706142529
ENSRNOG00000018566	1656.5275712841	-0.31249265364396	0.0855338105896498	-3.65344010151903	0.000258750170668387	0.011163020221845
ENSRNOG00000018567	2691.00928204301	-0.295928453390565	0.0619944367296563	-4.77346789488614	1.81080427169323e-06	0.000276742107380996
ENSRNOG00000018598	18.1648876944523	-1.03391507566617	0.262732669148391	-3.93523606720646	8.31149594061072e-05	0.00506518542401233
ENSRNOG00000018606	344.034918264545	-0.5640539527181	0.178271515760435	-3.16401613747474	0.00155608167176785	0.0343165927979101
ENSRNOG00000018648	241.53144055049	-0.250825578595776	0.0810365079295618	-3.09521702013366	0.00196668939231265	0.0391574226366022
ENSRNOG00000018748	558.271112729523	-0.723666751164915	0.226451133283934	-3.19568615387564	0.00139498761784069	0.0327227328029918
ENSRNOG00000018785	210.340298117648	-0.520115350900644	0.129916007095638	-4.00347395619816	6.24190754633889e-05	0.00417410033435097
ENSRNOG00000018860	267.524525442177	-0.308491187857131	0.0947485018758648	-3.25589515136927	0.00113035484802974	0.0285513670295324
ENSRNOG00000018937	2097.91231199503	-0.346658864560398	0.10202945468103	-3.3976351794111	0.000679709972842375	0.0204860794603688
ENSRNOG00000019020	530.710517824221	-0.303925641316942	0.0577572333042216	-5.26212257633759	1.42401773260448e-07	3.7147221197079e-05
ENSRNOG00000019243	259.116029919842	-0.343698401827356	0.0916503770918605	-3.75010352093663	0.000176761582499154	0.00882641169376964
ENSRNOG00000019317	128.772935417689	-0.51039868503006	0.158050065800505	-3.22934813373819	0.0012407275835954	0.0305239159996723
ENSRNOG00000019667	191.013223386136	-0.418063032793058	0.140360569876882	-2.97849341278511	0.00289669255911443	0.0495219869145778
ENSRNOG00000019728	317.998554993044	-0.604902247945454	0.203083775892922	-2.97858479972519	0.00289582886479779	0.0495219869145778
ENSRNOG00000019931	11.4722427842764	-1.03267045249846	0.32552178364903	-3.17235436879966	0.00151208375308395	0.0340443856907146
ENSRNOG00000019936	192.157317247123	-0.274797509404903	0.0900789372112012	-3.05063001310291	0.00228361787140841	0.0432971659077811
ENSRNOG00000019996	1030.0486557749	-0.247650876659749	0.0807762095277309	-3.06588880696028	0.00217024006833055	0.0420929257404585
ENSRNOG00000020185	1759.32499185974	-0.287115052896275	0.0831471874578694	-3.45309398519049	0.000554195878458771	0.0183078245438454
ENSRNOG00000020434	58.1508988869521	-0.625696083531479	0.192481577175476	-3.2506803649113	0.00115129214906944	0.0287918185378853
ENSRNOG00000020526	1928.79142775605	-0.162032322294467	0.0513711290562089	-3.15415147128995	0.00160965516384234	0.0349767764798492
ENSRNOG00000020544	525.104817748583	-0.302785592762998	0.0588835766541149	-5.14210599912393	2.71675756309877e-07	5.99756438966008e-05
ENSRNOG00000020579	197.67034553482	-0.480270456363041	0.136652821825357	-3.51453010591197	0.000440532734061933	0.0159075424018068
ENSRNOG00000020624	574.655518165318	-0.401890875266544	0.128786209174197	-3.12060489895268	0.00180480004851537	0.0373238719924996
ENSRNOG00000020635	242.693179568185	-0.355211429722038	0.0770437982828283	-4.61051295028386	4.01676615988814e-06	0.000495518736287126
ENSRNOG00000020679	102.20204317454	-0.620089565179646	0.169737723369627	-3.65322188179299	0.000258970264234474	0.011163020221845
ENSRNOG00000020713	449.341956648891	-0.274928075177428	0.0826648022501387	-3.32581785347423	0.000881595189775155	0.0241054620853115
ENSRNOG00000020714	383.188236660186	-0.616228554484667	0.12712109754611	-4.84757106711691	1.24982266154049e-06	0.00020146401511581
ENSRNOG00000020763	7278.74961691408	-0.26141528817313	0.069999358068387	-3.73453836416237	0.00018805982362166	0.00923813354349259
ENSRNOG00000020776	488.641428956288	-0.279251051201675	0.0771685183808678	-3.61871728343186	0.000296066860638424	0.0121395436353912
ENSRNOG00000021014	26.6205725460163	-1.00330323818939	0.248066714957358	-4.04448955742353	5.24372454395007e-05	0.00361981985514174
ENSRNOG00000021027	1183.51441394009	-0.634600501239622	0.116935841111124	-5.42691184507374	5.73374291289344e-08	1.79524317952114e-05
ENSRNOG00000021155	273.520917317929	-0.469426974206223	0.14677832858186	-3.19820356820876	0.00138286624245014	0.0326343130816971
ENSRNOG00000021220	190.066963271366	-0.785078797010981	0.210692153136679	-3.7261890645813	0.000194396613886746	0.00938526318982745
ENSRNOG00000021242	290.682341323032	-0.719621261601816	0.138609264784764	-5.1917255510969	2.0835397826993e-07	5.00380268448259e-05
ENSRNOG00000021314	1219.83425907507	-0.266314881219842	0.0732748194354528	-3.63446656398024	0.000278556378020047	0.0116746758987349
ENSRNOG00000021795	164.414135736455	-0.674143881586315	0.135470910719361	-4.97629991565392	6.48112028425602e-07	0.000119262698321818
ENSRNOG00000021805	225.783688342586	-0.31126120112461	0.0885512197024594	-3.51504137571992	0.000439685478734109	0.0159075424018068
ENSRNOG00000021856	62.1538242502055	-0.949788225821009	0.297618559462406	-3.19129367313863	0.00141637233601243	0.0329181466111645
ENSRNOG00000021891	2032.91234122193	-0.318753806009947	0.106037370120295	-3.00605159905731	0.00264664082112054	0.0472213155938135
ENSRNOG00000021916	147.131782281861	-0.794724901898654	0.240939543563844	-3.29844113649227	0.000972232619614115	0.0258521608695282
ENSRNOG00000022286	109.104814558312	-0.580419368788738	0.114918284850603	-5.05071381410973	4.40162110437343e-07	8.87953697455599e-05
ENSRNOG00000022312	355.120523472518	-0.265432579744281	0.082778163240995	-3.2065531458039	0.00134335488384329	0.032108940588545
ENSRNOG00000022354	271.098739994891	-0.378035813643101	0.100071693030954	-3.77764982477279	0.000158315265603436	0.00817511934668937
ENSRNOG00000022491	93.8974032748252	-0.502061081131481	0.161843212612719	-3.10214480438475	0.00192123954509868	0.0386033921877066
ENSRNOG00000022871	211.449218934236	-0.291062227367896	0.0963452714066168	-3.02103282411747	0.00251914049502924	0.0457009540644993
ENSRNOG00000022884	61.7803125987433	-0.674078402595743	0.194777876975873	-3.46075444019364	0.000538663922496748	0.0179867502710281
ENSRNOG00000022921	1344.87108327812	-0.679574752138258	0.167620744603523	-4.05424014638325	5.02975259130857e-05	0.00352315540307864
ENSRNOG00000023148	479.762127222842	-0.618488609613415	0.163993508919582	-3.77142128178197	0.000162320365221341	0.00829698353310435
ENSRNOG00000023216	100.258466104932	-0.523231581772692	0.167766237026657	-3.11881336224734	0.00181580941391537	0.0373277125442113
ENSRNOG00000023360	3348.97721271555	-0.253355231409575	0.043168531641786	-5.86897959633942	4.38485388601849e-09	1.80061759863837e-06
ENSRNOG00000023459	215.198422818114	-0.42887891680655	0.0864154018075128	-4.96299164079411	6.94155708176514e-07	0.000125030665056079
ENSRNOG00000023708	614.41718161677	-0.593677362935433	0.184768133446433	-3.2130939024047	0.00131313349757336	0.0316869375092264
ENSRNOG00000023778	179.823411761362	-0.447951981471502	0.148691486422244	-3.01262696506671	0.00258997069332623	0.0465948354221473
ENSRNOG00000023910	961.262563962544	-0.389868869124413	0.0845579565265003	-4.61067042227101	4.01372440783852e-06	0.000495518736287126
ENSRNOG00000024101	1394.9671892337	-0.552227990246484	0.144245737244369	-3.82838342952864	0.000128987698408005	0.00696994241754682
ENSRNOG00000024127	344.419516643146	-0.461804347044375	0.0995332546982651	-4.63969904776383	3.48916925406069e-06	0.000461360754155031
ENSRNOG00000024277	74.3918220416115	-0.637092407899796	0.208749524272254	-3.05194663375084	0.00227362519316723	0.0432160165485178
ENSRNOG00000024345	36.6264725506426	-0.92293224764353	0.234561077068902	-3.93472036868427	8.32936149532636e-05	0.00506518542401233
ENSRNOG00000024533	539.563542032344	-0.230286385611218	0.0739646141542495	-3.11346700370758	0.00184903184100274	0.0376693418234556
ENSRNOG00000024563	395.482693211909	-0.438407092812894	0.072019214300672	-6.08736289433254	1.14785598245075e-09	6.67963885172303e-07
ENSRNOG00000024580	51.2356123338573	-0.645882126324056	0.171874959138074	-3.75786053746894	0.000171372344480818	0.00862663980428506
ENSRNOG00000024689	728.834253435191	-0.587919566350842	0.117600942266948	-4.99927598382924	5.75459862903768e-07	0.000107490218836222
ENSRNOG00000024874	351.426662374508	-0.367241927791247	0.102901810431496	-3.56885779026917	0.000358540966018706	0.0138605078335822
ENSRNOG00000024917	53.9245581233071	-0.659414579707461	0.211286430240646	-3.12095092409113	0.00180268073392214	0.0373238719924996
ENSRNOG00000025796	107.063279783452	-0.612280001518657	0.143853823363992	-4.25626505573933	2.07870256175242e-05	0.00179718684338937
ENSRNOG00000025881	38.9983640798657	-0.556349039937689	0.170634508071781	-3.26047202423819	0.0011122693905988	0.0283788126134231
ENSRNOG00000025980	18.394781143033	-0.963921486150341	0.250735299237611	-3.84437886919493	0.000120858163953048	0.00660138635599137
ENSRNOG00000026087	88.0604017508728	-0.965786949718071	0.224884909127008	-4.29458318687193	1.75021847398385e-05	0.00156454222836871
ENSRNOG00000026143	10.6932744145467	-1.18464238892983	0.371582016723433	-3.18810474030975	0.00143208651811684	0.0332323144464842
ENSRNOG00000026704	2020.05038394191	-0.421876556387705	0.0993920632791924	-4.24456986271282	2.19013126864767e-05	0.00186161157835052
ENSRNOG00000026941	2732.58121895366	-0.512915686068141	0.168776118709608	-3.03902998830451	0.00237341227636563	0.0442783326034673
ENSRNOG00000026964	284.905825945736	-0.293155406604262	0.0937078972792002	-3.12839595291326	0.00175763228043352	0.0368834624174191
ENSRNOG00000027061	36.3240487961916	-0.614253080452883	0.193911505262554	-3.16769796418831	0.00153651059878215	0.0342377103970162
ENSRNOG00000027152	80.875426759448	-0.519753286956667	0.155603137278349	-3.34024940658435	0.000837031827047024	0.0233228205215865
ENSRNOG00000027857	139.386304623028	-0.322626114673873	0.106738836044402	-3.02257478749034	0.00250634142987591	0.0455819683398304
ENSRNOG00000028075	20.3455174189375	-1.15119578914706	0.367210486456254	-3.13497525698849	0.00171868607197928	0.0362739797575027
ENSRNOG00000028594	1736.04295118743	-0.171290461661351	0.0560753253475974	-3.05464944874707	0.00225323720695224	0.0429911629097681
ENSRNOG00000028668	232.291398111954	-0.584135825230379	0.130371874093803	-4.48053561621803	7.44559534122635e-06	0.000816059887214669
ENSRNOG00000028701	91.0279792815299	-0.67825575252856	0.126972540782004	-5.34175143973091	9.20528195896065e-08	2.62784747243537e-05
ENSRNOG00000028730	80.090199073705	-0.730136141252361	0.156695352664925	-4.65959027396093	3.16839420220171e-06	0.000435798220721018
ENSRNOG00000028856	1061.28478148703	-0.152523284792989	0.0477448122156473	-3.19455198826822	0.00140048058575787	0.0327399681894309
ENSRNOG00000029535	3341.83312372784	-0.353723289848975	0.112184251012783	-3.15305657127103	0.00161570492179734	0.0349767764798492
ENSRNOG00000030127	1830.70471086729	-0.231391967168719	0.0751121436498006	-3.08061993607252	0.00206570140909819	0.0406424737576795
ENSRNOG00000030253	12.0769168220101	-1.17502833039067	0.342587528857604	-3.42986311938714	0.000603885806073474	0.0192759330082103
ENSRNOG00000030418	2227.93968533773	-0.3509493854749	0.109072125004652	-3.21759006217154	0.00129272434597687	0.0313444220426764
ENSRNOG00000030726	39.7778659030484	-0.761094946859377	0.246442578457273	-3.08832569284018	0.00201287736853266	0.0397607678492297
ENSRNOG00000031515	44.6616416027886	-1.07190643955116	0.245073912045009	-4.37380882610752	1.22097312416583e-05	0.00118418739542494
ENSRNOG00000031760	124.952451828401	-0.582638737247006	0.14260441594949	-4.08569912346456	4.39442942616781e-05	0.00313621307631693
ENSRNOG00000031824	1189.08306093811	-0.335325247573313	0.0977502431575155	-3.43042878198233	0.000602628142178753	0.0192759330082103
ENSRNOG00000031930	228.219472392558	-0.676174318927867	0.191515288777377	-3.53065451455352	0.000414532815382334	0.0152972719432554
ENSRNOG00000032002	1223.00603264233	-0.532927405160101	0.112570491932216	-4.73416608573586	2.19957561446093e-06	0.000319995952373017
ENSRNOG00000032297	1932.08620712884	-0.267417696430853	0.0627550432637519	-4.26129411315882	2.03246544021595e-05	0.00177752613355302
ENSRNOG00000032381	167.654118287609	-0.421273240848967	0.0970625022059887	-4.34022646515881	1.42335948672498e-05	0.00133259813300302
ENSRNOG00000032895	180.436194582016	-0.501769544414102	0.165510259892787	-3.03165220536258	0.00243219264579383	0.0451522389335714
ENSRNOG00000032908	502.301345253469	-0.279498028894432	0.0838163307316098	-3.33464882624627	0.000854071836882395	0.0237102878752856
ENSRNOG00000033202	1893.85376553433	-0.156031695496244	0.0520675617239252	-2.9967160037868	0.0027290482169535	0.0480122087471006
ENSRNOG00000033575	527.431489213798	-0.345826415739921	0.0809456189348541	-4.27233024208816	1.93440807314406e-05	0.00170160431085289
ENSRNOG00000033734	278.230862973225	-0.864285746932871	0.290005742888227	-2.98023666126495	0.0028802576573998	0.0495219869145778
ENSRNOG00000033772	332.409090823922	-0.325476979439067	0.098436741964224	-3.30645826898008	0.000944834229709331	0.02534635087855
ENSRNOG00000033790	7907.29762353923	-0.134164129122224	0.0321474205831485	-4.1734026148447	3.00083961413744e-05	0.00232834376214869
ENSRNOG00000034013	1870.88774999526	-0.162173465124489	0.0536740728143282	-3.02144884151957	0.00251568146672612	0.0456929899058418
ENSRNOG00000036693	438.387051012379	-0.309394410345906	0.103716088789513	-2.98308983646507	0.00285354222963918	0.0493418216393609
ENSRNOG00000037160	422.22486328392	-0.305363349900061	0.0889750428776331	-3.43201126994708	0.000599122660676156	0.0192562319568023
ENSRNOG00000037331	120.515275657878	-0.508851796323334	0.156101459149962	-3.25975041549416	0.00111510293781356	0.0284032111938032
ENSRNOG00000037508	120.821297024635	-0.372603645049949	0.108999851815968	-3.41838671192913	0.000629935355300345	0.0198148064983248
ENSRNOG00000037707	154.143488920801	-0.372324659798221	0.123939031706869	-3.00409527709409	0.00266371894234523	0.0473584813133765
ENSRNOG00000037798	155.176044995023	-0.391934106235801	0.125405531892263	-3.12533347071576	0.00177603597904939	0.0370129812162772
ENSRNOG00000038074	425.51998124304	-0.313030015879336	0.102265543447788	-3.06095294002084	0.00220633769220813	0.0425836737633165
ENSRNOG00000039454	244.156674109384	-0.245128340562424	0.0778708560789577	-3.14788295525959	0.00164457529388257	0.0352942187183592
ENSRNOG00000039680	27.1146102640649	-1.13367396166206	0.26167595101515	-4.33235823645264	1.47520649993778e-05	0.00134457074361798
ENSRNOG00000039745	18.5068865525094	-1.00408663663991	0.329067748575791	-3.05130673238446	0.00227847680085587	0.0432538946009402
ENSRNOG00000039890	70.4033147932828	-0.730284375242268	0.214392856182555	-3.40629062108503	0.000658520396854501	0.0201305320849685
ENSRNOG00000040242	100.090794557784	-0.57380962502702	0.135630184051152	-4.23069266654251	2.32972799459962e-05	0.00194744666067913
ENSRNOG00000040385	27.0231876664052	-0.989393417871677	0.253081722399752	-3.90938313715478	9.25321057666163e-05	0.0054902382754859
ENSRNOG00000042912	156.20931551318	-0.387372190081014	0.108710955539215	-3.56332246515191	0.000366190385715121	0.0140264823692906
ENSRNOG00000043151	97.2901246900715	-0.426616222637429	0.11723316904295	-3.63904026582386	0.000273656012537181	0.0115331907233636
ENSRNOG00000043193	59.520837171708	-0.632568905793263	0.210563506159806	-3.00417160280936	0.00266305075741578	0.0473584813133765
ENSRNOG00000043197	521.234313794435	-0.384143448832369	0.0772229266698344	-4.97447410242257	6.54250096544009e-07	0.000119262698321818
ENSRNOG00000043215	77.0342296699666	-0.676322623799565	0.198552979099298	-3.4062577497834	0.000658599694782511	0.0201305320849685
ENSRNOG00000045558	1105.79449726942	-0.539571094787406	0.170992747591135	-3.15552035035772	0.00160212089329004	0.0349219044109915
ENSRNOG00000045838	306.51878208199	-0.321024300117122	0.107350585033449	-2.99042897639632	0.00278585906406458	0.0486721104379874
ENSRNOG00000046049	49.3711679501446	-0.47729949938525	0.151950912406745	-3.14114270079278	0.00168290012303602	0.0357616276145154
ENSRNOG00000046171	191.583144460411	-0.654826242199235	0.161906738767578	-4.044465642281	5.24425980063762e-05	0.00361981985514174
ENSRNOG00000046195	26.843287035086	-0.913141811505823	0.305988328166659	-2.98423739551423	0.00284286111501294	0.0492697464721029
ENSRNOG00000046479	234.53483599513	-0.302948866516264	0.095366112111861	-3.17669306011884	0.00148964603462071	0.0339882956326267
ENSRNOG00000046763	50.3358531596623	-0.776868173635339	0.210938488837507	-3.6829133360948	0.000230583566768164	0.0103523126563867
ENSRNOG00000046803	21.9891339661663	-0.907876336230727	0.2591662820083	-3.50306501754596	0.000459937182454446	0.0164123810625843
ENSRNOG00000046912	1497.95060855436	-0.31847841681273	0.105485467802764	-3.01916864423657	0.00253469393904471	0.0459280470631695
ENSRNOG00000047708	503.596554884462	-0.341246558410349	0.0907530900005918	-3.76016462258336	0.000169801579536301	0.00859230066349241
ENSRNOG00000048109	89.4573892445128	-0.443316123927524	0.139850534209126	-3.16992799801972	0.00152476715978297	0.0341773735222464
ENSRNOG00000048161	15.8436095278583	-0.963641181693283	0.323602917396178	-2.97785072349494	0.00290277323428433	0.0495368793000651
ENSRNOG00000048411	105.862635090143	-0.405165831447124	0.117092289384982	-3.4602264041059	0.000539721389494168	0.0179867502710281
ENSRNOG00000048686	685.59578965982	-0.333889521695573	0.105020877073537	-3.17926807506834	0.00147647471728708	0.0338470643523538
ENSRNOG00000048897	107.769822548379	-0.451919783331359	0.140353039573639	-3.21987884768431	0.0012824478272558	0.0312454679973917
ENSRNOG00000048961	421.330328497251	-0.397028468745602	0.124943099072485	-3.17767425086252	0.00148461448556287	0.0339308416413387
ENSRNOG00000049471	252.732851583659	-0.590225492851262	0.192450501915748	-3.06689505600591	0.00216294780372388	0.0420634964914425
ENSRNOG00000050401	855.840006149587	-0.296702555252888	0.0941168776684362	-3.15249042045509	0.00161884133203848	0.0349900990767746
ENSRNOG00000050483	252.790360038153	-0.443811225351029	0.0876402903825811	-5.06400906950028	4.10530104244748e-07	8.50865818797676e-05
ENSRNOG00000050510	723.752434659114	-0.207147429014021	0.0575105445428433	-3.60190345371715	0.000315895690722846	0.0127794165792424
ENSRNOG00000050573	52.8680280405257	-0.623552100049575	0.17113849965505	-3.64355245199893	0.000268900823194975	0.0113644398182681
ENSRNOG00000050849	669.175933784301	-0.333234019496973	0.103563120152986	-3.21769003294524	0.00129227390003563	0.0313444220426764
ENSRNOG00000051023	56.7495844810916	-0.571012397209358	0.18264470589537	-3.12635613723438	0.00176987075246463	0.0369863874099308
ENSRNOG00000051170	6830.33602890575	-0.218947509927266	0.0553829248790224	-3.95333959709661	7.70679345206117e-05	0.00487881945312491
ENSRNOG00000052022	499.791862291161	-0.313598631683117	0.0946066035518557	-3.31476471947571	0.000917202887698096	0.0247218884530795
ENSRNOG00000052173	524.943012417196	-0.895791381658615	0.249694400894929	-3.58755093605628	0.000333798539009136	0.0131785899236486
ENSRNOG00000052219	1143.66810465199	-0.382543423762232	0.108732612851151	-3.51820317503006	0.000434479572399189	0.0158278212579535
ENSRNOG00000052814	798.396928790869	-0.26184635663903	0.0722181057285336	-3.62577159837597	0.000288099915362112	0.0118449774984477
ENSRNOG00000053766	176.302082625973	-0.510447202274353	0.150757135487075	-3.38589082782166	0.000709476025322508	0.0210477887512344
ENSRNOG00000053984	25.9073747286782	-0.879718196593069	0.280247169943775	-3.13907968016078	0.00169479357018038	0.0359134827966795
ENSRNOG00000054506	12.2016574701126	-2.02446033157417	0.379701217640726	-5.3317193559535	9.72872101577649e-08	2.72584349942034e-05
ENSRNOG00000054548	134.213749542098	-0.496944904859382	0.165461269967221	-3.0033910954378	0.00266989085391015	0.0474124983798833
ENSRNOG00000055010	529.660963344644	-0.347744306649662	0.104635604127354	-3.32338413439479	0.00088932358390311	0.0241679475089646
ENSRNOG00000055766	39.727509678005	-0.514891533134274	0.168613750883153	-3.05367462877382	0.00226057111776451	0.0430219383795938
ENSRNOG00000056297	427.818212934076	-0.475004361516149	0.158915864215381	-2.98903047761404	0.00279864213888029	0.0488369165964655
ENSRNOG00000056421	26.4555624488528	-1.18499665824445	0.326570917247021	-3.62860437247115	0.000284957542738088	0.0117882589125322
ENSRNOG00000056826	1628.65319955542	-0.269274059116015	0.0765467698662761	-3.51777167849702	0.000435186625466533	0.0158278212579535
ENSRNOG00000058337	67.3636280784209	-0.493373753246462	0.148818247162112	-3.31527727718104	0.000915522642141365	0.0247218884530795
ENSRNOG00000058568	30.5184578656199	-1.19398475377533	0.335739754346951	-3.55628053668459	0.000376142417630418	0.0141216743889534
ENSRNOG00000059216	11.1411733248925	-1.18992186099207	0.361803161893483	-3.28886529007833	0.00100592156446294	0.0264229049832019
ENSRNOG00000059260	70.3757577901142	-0.581366913858364	0.184495417784317	-3.15111844424238	0.00162646518003466	0.035054726743482
ENSRNOG00000059810	172.212677734297	-0.387872260749353	0.0895157439912001	-4.33300605519721	1.47087062770198e-05	0.00134457074361798
ENSRNOG00000059956	79.7509247908097	-0.631648941731798	0.185007592936315	-3.4141784761733	0.000639746529087898	0.0198825434608767
ENSRNOG00000060065	9.73789956566954	-0.983706195728225	0.320128003604012	-3.07285268596819	0.00212023125780572	0.0413601120238959
ENSRNOG00000060414	136.298181885552	-0.330307765447893	0.109813491802777	-3.00789784593244	0.00263061547758673	0.0470261589009362
ENSRNOG00000060568	168.197244561005	-0.472891761940371	0.113133020391404	-4.17996231607994	2.91557406913059e-05	0.00227384719927556
ENSRNOG00000060912	1035.40190643455	-0.198323549539093	0.0502212372926385	-3.94899767967612	7.84791122883427e-05	0.00491224768318067
ENSRNOG00000061073	478.769498628889	-0.233385361611399	0.0667843505259083	-3.49461153359363	0.000474752200786995	0.0165889163923955
ENSRNOG00000061147	181.837549111733	-0.332570348410225	0.107505244811768	-3.09352672971934	0.00197792734467791	0.0392730193241164
ENSRNOG00000061881	13.3592846450421	-1.22923395244364	0.403180469669436	-3.04884299939299	0.00229724502732249	0.0433093278313351
ENSRNOG00000062008	35.9385521090241	-0.70936435095268	0.209032763311165	-3.3935558221403	0.000689914957262499	0.0206769335252633
ENSRNOG00000062291	41.0970031600524	-0.651248638581699	0.206967886667733	-3.14661684509161	0.00165171251066891	0.0353471149737207
