baseMean	log2FoldChange	lfcSE	stat	pvalue	padj
ENSRNOG00000000167	114.728271600375	-0.730396184548685	0.173826282020545	-4.20187428539926	2.64714132882848e-05	0.0170637671324427
ENSRNOG00000000168	2464.58597859303	-0.549695361341936	0.159138225463212	-3.45420064690245	0.000551926575746137	0.0488855271632246
ENSRNOG00000000658	223.783017290262	-0.780793970361877	0.21619009635032	-3.61160841103775	0.000304303824158637	0.0469625591616114
ENSRNOG00000000699	635.807729088706	-0.658544534838065	0.151337604851895	-4.35149304419441	1.35213612037292e-05	0.0129608623375782
ENSRNOG00000000700	345.800281115194	-0.939534200559756	0.171689159391236	-5.47229774955563	4.44237620608663e-08	0.000515448911192231
ENSRNOG00000000940	2127.61889292117	-0.643788558887531	0.183752830619286	-3.50355723347406	0.000459087988918785	0.0475443439124863
ENSRNOG00000001090	222.010200975142	-0.451496866954744	0.118241094422956	-3.81844289549376	0.000134296661999537	0.0294008333807666
ENSRNOG00000001544	652.044262166167	-0.596963922684618	0.168518583771389	-3.54242190579084	0.000396470796802566	0.0475443439124863
ENSRNOG00000001652	172.075410080696	-0.761623916503639	0.202650863977779	-3.75830579526744	0.000171067737326139	0.0336043539585621
ENSRNOG00000002039	1409.24909220531	-0.204865447518058	0.0580945908958463	-3.52641174262415	0.000421231534338518	0.0475443439124863
ENSRNOG00000002225	2746.65182946582	-0.273312758795	0.0565652945713355	-4.8318100500709	1.35297310501617e-06	0.00392463673437565
ENSRNOG00000002248	1158.6651934641	-0.189617837422534	0.0472032942732632	-4.01704669858047	5.89320492373317e-05	0.0213683927281487
ENSRNOG00000002360	1043.14035505845	-0.571345811741656	0.146026965222114	-3.91260484577359	9.13058751140038e-05	0.0243120663160552
ENSRNOG00000002607	565.591300898837	-0.548776101933598	0.156330916521768	-3.51034916281056	0.000447518627793589	0.0475443439124863
ENSRNOG00000002636	3504.26897883076	-0.261355756590077	0.070975315652615	-3.68234722434022	0.000231096360000816	0.0412524779244533
ENSRNOG00000003123	873.582774573396	-0.217591674393402	0.0610778773736558	-3.56252842681881	0.000367300121356777	0.0475443439124863
ENSRNOG00000003237	854.885219794275	-0.651181060267724	0.150588081991488	-4.32425363053985	1.53049135775118e-05	0.0129608623375782
ENSRNOG00000004458	676.734295972878	-0.566735738381408	0.160399192654202	-3.533282986051	0.000410432892761375	0.0475443439124863
ENSRNOG00000004466	283.663873329168	-0.580521071591146	0.141701781403866	-4.09678033571501	4.18936084711175e-05	0.0202538141287657
ENSRNOG00000004613	14782.139799215	-0.297830113540362	0.0821189181292217	-3.62681487196043	0.000286938863222909	0.0467428069783048
ENSRNOG00000004696	2225.68943752668	-0.224699763312818	0.0646066238390301	-3.47796789184752	0.000505230439687616	0.048050727800782
ENSRNOG00000005865	1267.65332309325	-0.584583435197256	0.149911775843025	-3.89951644498817	9.63849909970302e-05	0.0243120663160552
ENSRNOG00000006689	436.256925377537	-0.388058117540252	0.0938795999885201	-4.13357233720324	3.57167810177191e-05	0.0194469492844707
ENSRNOG00000007102	1356.02684198409	-0.704214743192115	0.180567297319067	-3.9000126470728	9.61876633387089e-05	0.0243120663160552
ENSRNOG00000008012	1482.4025167905	-0.661928759722731	0.156524383504923	-4.22891785229048	2.3481806047803e-05	0.0169587189189897
ENSRNOG00000009248	899.664451963342	-0.314379039591411	0.0894720281374147	-3.5137131250515	0.000441889765118475	0.0475443439124863
ENSRNOG00000009470	1458.9398764603	-0.453007987445939	0.12500131723939	-3.62402570989218	0.000290052753808321	0.0467428069783048
ENSRNOG00000009538	631.79362917009	-0.211970745142474	0.0602213984367828	-3.51985756964759	0.000431778596921673	0.0475443439124863
ENSRNOG00000010915	1219.44273107435	-0.181546996494596	0.0520377807317143	-3.4887536313391	0.00048527819526561	0.0475443439124863
ENSRNOG00000011800	421.042511838736	-0.510285279737369	0.145331528941602	-3.5111808391035	0.000446120803681541	0.0475443439124863
ENSRNOG00000012536	1068.35702865786	-0.255363646731865	0.0667513709764704	-3.82559403644128	0.000130457123175865	0.02910950000403
ENSRNOG00000012681	417.821226845084	-0.579953912631715	0.161378921832652	-3.59374016163722	0.000325964915697263	0.0469625591616114
ENSRNOG00000012772	212.397291902722	-0.453070387482853	0.12553141980521	-3.60921901613072	0.000307120235088885	0.0469625591616114
ENSRNOG00000012966	430.471260774219	-0.523900830163937	0.13762785188739	-3.80664831267296	0.000140862832148655	0.0298726699836251
ENSRNOG00000013017	6348.6034570633	-0.135706117673833	0.0385265150272231	-3.52240833560839	0.000427644900300722	0.0475443439124863
ENSRNOG00000013220	175.565236346897	-0.536253575264711	0.151809448966316	-3.53241236903309	0.00041178667837971	0.0475443439124863
ENSRNOG00000013229	126.067403064709	-0.558886646816561	0.140971444747825	-3.96453798013008	7.35382382521974e-05	0.0242282519890914
ENSRNOG00000013484	1144.70892470007	-0.57515589266866	0.161261012158673	-3.56661467622896	0.00036162260184119	0.0475443439124863
ENSRNOG00000013683	2904.28954955417	-0.62062154853071	0.179612052010007	-3.45534468085767	0.000549589739420977	0.0488855271632246
ENSRNOG00000013770	523.634931760123	-0.598403000031375	0.155379068601748	-3.85124589442057	0.00011751842718387	0.0278278838900906
ENSRNOG00000014034	496.949058485129	-0.544773410059223	0.155774377762033	-3.49719522482342	0.000470177616104759	0.0475443439124863
ENSRNOG00000014718	4141.51259420342	-0.266884770784176	0.0716466817247158	-3.72501230147145	0.000195305697674574	0.0371497050839031
ENSRNOG00000015029	628.063665907816	-0.357825109386715	0.0951479732385151	-3.76072234864873	0.00016942340175273	0.0336043539585621
ENSRNOG00000015030	822.662153740142	-0.556314033200995	0.141456880183452	-3.93274637811555	8.39808315984361e-05	0.024256782678513
ENSRNOG00000015054	260.389851176436	-0.311410984210478	0.0745109719513505	-4.17939769211176	2.92282171385389e-05	0.0176605455586517
ENSRNOG00000015124	1685.48227966369	-0.526888091830743	0.134482077684944	-3.91790564884865	8.93216524956923e-05	0.0243120663160552
ENSRNOG00000015658	1528.90020341766	-0.224067886348972	0.0616321709940979	-3.63556698936387	0.000277369901655154	0.0466423618681847
ENSRNOG00000016497	325.45354225466	-0.326307114136378	0.0899458123838785	-3.62781885546529	0.000285825677178896	0.0467428069783048
ENSRNOG00000016848	470.702809034991	-0.43889700931369	0.108227273727498	-4.0553272220344	5.0064167434775e-05	0.0213683927281487
ENSRNOG00000019317	128.772935417689	-0.549696101826619	0.158372774252332	-3.4709002505115	0.000518716650211869	0.0482577016278137
ENSRNOG00000019667	191.013223386136	-0.491480086083497	0.140776516893418	-3.49120788700573	0.000480841954217813	0.0475443439124863
ENSRNOG00000019996	1030.0486557749	-0.365306168899264	0.0809754747453083	-4.51131864367896	6.44258533975403e-06	0.00934416471214575
ENSRNOG00000021004	331.276288172492	-0.478098520844163	0.13392758025735	-3.56982870836214	0.000357214729024805	0.0475443439124863
ENSRNOG00000023208	745.768132960151	-0.566831955103966	0.135926382044505	-4.17013935468669	3.04413437191273e-05	0.0176605455586517
ENSRNOG00000024127	344.419516643146	-0.349600206840587	0.099110043752866	-3.52739433464812	0.000419671230472829	0.0475443439124863
ENSRNOG00000025745	473.594901450687	-0.467357440963156	0.118263927829745	-3.9518173422751	7.75599326963038e-05	0.024256782678513
ENSRNOG00000027091	338.678281573626	-0.404005397831432	0.0875326174432383	-4.61548402906396	3.92180201213173e-06	0.00758411145779407
ENSRNOG00000029212	646.924152595906	-0.452262572509948	0.120462634405203	-3.75438055744873	0.000173770683229658	0.0336043539585621
ENSRNOG00000029756	144.171605259479	-0.748906079008693	0.183264757458921	-4.08647079445463	4.37984590276494e-05	0.0203277408039127
ENSRNOG00000033261	20223.7592219989	-0.659246006282702	0.162918379600972	-4.04648025531165	5.19935080361714e-05	0.0213683927281487
ENSRNOG00000034015	1730.17042436974	-0.283225598239623	0.0730245934818718	-3.8784960618772	0.000105104227855943	0.0254067574127604
ENSRNOG00000036960	621.997503269276	-0.40317955954133	0.112515365374277	-3.58332889201551	0.000339243019947818	0.0474245392825847
ENSRNOG00000037871	5709.54987261349	-0.517898080032975	0.143791505199886	-3.60172931852295	0.000316107408739139	0.0469625591616114
ENSRNOG00000038166	1177.26566733829	-0.397399409248942	0.113055733731627	-3.5150752299949	0.000439629430548732	0.0475443439124863
ENSRNOG00000039454	244.156674109384	-0.382819860601452	0.0788927205085206	-4.85241043956783	1.21969869508958e-06	0.00392463673437565
ENSRNOG00000039464	2279.03644239684	-0.431231849143228	0.119659468703697	-3.60382553771028	0.000313567574403866	0.0469625591616114
ENSRNOG00000043167	89.8038413089342	-0.50831281613039	0.142049242664954	-3.57842679477938	0.000345668657272005	0.0475443439124863
ENSRNOG00000046171	191.583144460411	-0.646485966230167	0.161897554169898	-3.99317932593184	6.51932259371063e-05	0.0229223333499468
ENSRNOG00000050231	500.585915459898	-0.513390436815481	0.126016303606522	-4.07400012635277	4.62124562012148e-05	0.0206231972808729
ENSRNOG00000050550	287.082831840602	-0.536211224695664	0.144158991874266	-3.71958223156376	0.000199552571994301	0.0373452982717722
ENSRNOG00000053592	149.043687681506	-0.832123030895407	0.210169553784034	-3.95929389349363	7.51716859094451e-05	0.0242282519890914
ENSRNOG00000055527	401.065031803189	-0.428468019298154	0.122586959434191	-3.49521695680991	0.000473676552247219	0.0475443439124863
ENSRNOG00000056376	224.132189339997	-0.345828230977374	0.0908793647680986	-3.80535484441205	0.0001416010384469	0.0298726699836251
ENSRNOG00000059479	6519.53804001677	-0.242898531125225	0.0618402664594015	-3.92783771856303	8.57130129982792e-05	0.024256782678513
ENSRNOG00000059618	105.684263963627	-0.627270776300929	0.171664959028069	-3.6540408703815	0.000258145148792995	0.0447053456932108
ENSRNOG00000059801	351.731824925077	-0.482454088666569	0.137313877207988	-3.51351297098544	0.000442222821909802	0.0475443439124863
ENSRNOG00000060694	517.474225461078	-0.365292658205485	0.104264369042682	-3.50352341417754	0.000459146288684167	0.0475443439124863
