baseMean	log2FoldChange	lfcSE	stat	pvalue	padj
ENSRNOG00000000096	223.943635708138	0.292144164245699	0.0859601675532188	3.39859928803453	0.000677318731414544	0.0204547553020001
ENSRNOG00000000130	2793.48840006525	0.433003192487418	0.095146249573322	4.55092233723554	5.34112615628698e-06	0.000625202833779526
ENSRNOG00000000175	603.335683471925	0.171703074850506	0.0566657414337503	3.03010373650981	0.00244469754760858	0.0451682261941423
ENSRNOG00000000196	14.1056519857826	1.02738066331338	0.332709683683927	3.08791932936159	0.00201563178720153	0.0397607678492297
ENSRNOG00000000411	1864.60919965005	0.21157567868223	0.0598008335551382	3.53800551102938	0.000403161643628358	0.014950577617885
ENSRNOG00000000433	2933.65901316541	0.37171477350758	0.0521125970445925	7.13291592797621	9.82645826757419e-13	2.47790522647329e-09
ENSRNOG00000000536	354.224675707838	0.706152237905338	0.168846503646683	4.18221415696581	2.88683848479793e-05	0.0022631018795333
ENSRNOG00000000560	180.445866976424	0.329860008689132	0.105687711024569	3.12108196394233	0.00180187874596217	0.0373238719924996
ENSRNOG00000000593	1265.63025360676	0.180369646771	0.0591355151260528	3.05010696848629	0.00228759874601937	0.0433093278313351
ENSRNOG00000000639	261.574958498803	0.284718893207626	0.0833231686635852	3.41704351591776	0.000633051598851931	0.0198715159556633
ENSRNOG00000000708	2711.38107887815	0.478244576759869	0.0997662485383311	4.79365099687118	1.63773086535877e-06	0.000255452247349259
ENSRNOG00000000718	835.951582210511	0.134845312987851	0.0415554144731019	3.2449517035893	0.00117470545203689	0.0293126472797603
ENSRNOG00000000796	2762.29827301474	0.221860211254168	0.071432856192844	3.10585664746798	0.00189728669853389	0.0382251451181769
ENSRNOG00000000902	6431.26871415243	0.735381858169645	0.156690175096606	4.69322251836309	2.68934688402565e-06	0.000380278676217833
ENSRNOG00000000909	531.976315781666	0.268275922312633	0.089641784093982	2.99275527617085	0.00276471344136558	0.0484705844355286
ENSRNOG00000001004	4082.20472274163	0.202665150363485	0.0519981390955331	3.89754621778175	9.71722813369431e-05	0.00567651203331255
ENSRNOG00000001006	1392.33440209039	0.555649396295113	0.150808163712742	3.68447823125484	0.000229171609709443	0.0103497244358924
ENSRNOG00000001128	501.558633360718	0.511353525370846	0.112392436074429	4.54971476045073	5.37186836690934e-06	0.000625202833779526
ENSRNOG00000001130	508.052326184807	0.602739597051335	0.161630925464839	3.72911059760314	0.000192156805396444	0.00934833590240579
ENSRNOG00000001138	935.29775376482	0.181979302951885	0.0478140268533978	3.80598152734239	0.000141242925046917	0.00749826475775386
ENSRNOG00000001184	371.827629402242	0.252616666265385	0.0762920021678624	3.31118150116918	0.000929029298254003	0.0249666310525454
ENSRNOG00000001185	2401.41601702587	0.246312453735212	0.0617072837220527	3.99162690169079	6.56215573090361e-05	0.0042795438020936
ENSRNOG00000001237	1466.56230593183	0.200845087073478	0.0564392991686055	3.5586034913984	0.000372831883105716	0.0140795537296257
ENSRNOG00000001247	1812.31075168459	0.251011573671798	0.0792372754059961	3.16784710713064	0.00153572261484415	0.0342377103970162
ENSRNOG00000001253	1647.78398814828	0.135380807207362	0.0393378674096383	3.44148821789438	0.00057852366542618	0.018783397119953
ENSRNOG00000001304	1733.43583304304	0.373809929932436	0.101475813498355	3.68373425198995	0.000229841864537993	0.0103497244358924
ENSRNOG00000001416	1071.58162849353	0.905100606461515	0.156875773051327	5.76953718765346	7.94895361035715e-09	3.00669170311759e-06
ENSRNOG00000001439	1117.21135667745	0.178472038695899	0.0591655242742651	3.01648706548397	0.00255722127678854	0.0462255172255801
ENSRNOG00000001559	320.521828232319	0.354434501208049	0.0972025611759291	3.64634940602594	0.000265992242376386	0.0113046703009964
ENSRNOG00000001701	70.5128492036462	0.811548606791633	0.207959886863265	3.90242858386065	9.52323411691009e-05	0.00558474930964533
ENSRNOG00000001726	620.668634756249	0.364600305302904	0.0568714470225562	6.41095531046182	1.44610586083461e-10	1.09397908372138e-07
ENSRNOG00000001785	2209.82026180288	0.513576753225283	0.0873667631980622	5.87839968456876	4.14251725335881e-09	1.80061759863837e-06
ENSRNOG00000001796	709.90243171492	0.553014765848992	0.105084134924694	5.26259045901928	1.42039738955074e-07	3.7147221197079e-05
ENSRNOG00000001803	917.930713663052	0.434489754833547	0.0652920205925825	6.65456132143208	2.841462685626e-11	2.86608869556809e-08
ENSRNOG00000001843	408.786416461385	0.460675691276538	0.0788289520780441	5.84399106080275	5.09647640247683e-09	2.02920231498617e-06
ENSRNOG00000001859	202.909208353793	0.533980715726386	0.124366379853692	4.29360986751061	1.75791261614461e-05	0.00156454222836871
ENSRNOG00000001888	833.849609953622	0.150621777776557	0.0486635008062801	3.09516938323351	0.00196700530350064	0.0391574226366022
ENSRNOG00000001928	622.646212859979	0.387250060579567	0.104483821619398	3.70631600737383	0.000210295883467958	0.00983911850534597
ENSRNOG00000001971	162.678049064696	0.357607186874272	0.118075018609489	3.02864391710993	0.00245654039974674	0.0452685480975162
ENSRNOG00000002122	717.377553037246	0.259745605160434	0.0753248533483498	3.44833867726507	0.000564046298087762	0.0185119750326851
ENSRNOG00000002158	58.6483527236386	1.06005758703725	0.310715787843662	3.41166309698631	0.000645678616430319	0.0199369744216137
ENSRNOG00000002196	686.636013063838	0.607633154981017	0.194121738940908	3.13016542246196	0.00174707890163522	0.0367129219190846
ENSRNOG00000002339	2048.25373051364	0.330330473014737	0.0910542206097889	3.62784361672109	0.000285798273853985	0.0117882589125322
ENSRNOG00000002434	430.556562255602	0.910132030213928	0.144688916732155	6.29026777426734	3.16918819079078e-10	1.99790905527769e-07
ENSRNOG00000002525	1021.80557724729	0.55938604272618	0.185044601314182	3.02297953441188	0.00250299169966937	0.0455819683398304
ENSRNOG00000002572	1518.85912410716	0.344408848837139	0.0810893795823753	4.24727443483852	2.16386841384135e-05	0.0018496796102497
ENSRNOG00000002635	410.975487803066	0.325633790749944	0.109158596759184	2.98312547447205	0.00285320997190851	0.0493418216393609
ENSRNOG00000002642	1756.3946730532	0.261627695430853	0.0679290175659839	3.85148651939087	0.000117402993902626	0.00645929926453357
ENSRNOG00000002697	1255.25074257793	0.301826184410434	0.0908556756135828	3.32203995371877	0.000893618971018422	0.0242302061496572
ENSRNOG00000002807	994.010227123098	0.274931578393746	0.0776917293500066	3.53874962874311	0.000402026964120308	0.0149451301403938
ENSRNOG00000002914	948.845806281072	0.236106497718438	0.0677248778264607	3.48625948537612	0.000489825625062694	0.0168627045350931
ENSRNOG00000002956	1128.29240427881	0.473889840255491	0.0977640834691728	4.84727952678981	1.25166010713061e-06	0.00020146401511581
ENSRNOG00000002980	874.767439870685	0.179256241707326	0.0600995927070624	2.9826531867039	0.0028576160405158	0.0493558569554841
ENSRNOG00000002989	1798.80227721538	0.193962367721816	0.0468516935331205	4.13992223322087	3.47423578608359e-05	0.00264146670570074
ENSRNOG00000003029	8430.82265749335	0.436790287342608	0.0604425460174185	7.2265368705139	4.95466155471021e-13	1.87410073306914e-09
ENSRNOG00000003048	530.021699744137	0.238667832826293	0.0789425496079828	3.02331042019143	0.00250025629565095	0.0455819683398304
ENSRNOG00000003127	104.081235157329	0.410133961523898	0.117693801945713	3.48475412250745	0.000492589462574228	0.0168828631190862
ENSRNOG00000003207	3374.35114726236	0.310428514188224	0.0906513063330532	3.42442405681071	0.000616104014220631	0.0195255299165572
ENSRNOG00000003218	129.696152665974	0.370680496774638	0.105940210819126	3.49895940274755	0.00046707769161392	0.0164328524695097
ENSRNOG00000003336	811.653868759307	0.456364912214839	0.115842151908908	3.93954104524664	8.16376346703905e-05	0.00504154045944085
ENSRNOG00000003348	461.21928706519	0.511148522365042	0.132390003672714	3.86092989036143	0.000112956314504616	0.00628319499431929
ENSRNOG00000003442	1947.50786631456	0.333297523991365	0.105443748582476	3.1609035952536	0.00157280544381821	0.0345378031421909
ENSRNOG00000003741	8693.30264942023	0.601066958458674	0.105573754044501	5.69333698416477	1.2458015929002e-08	4.38348327920466e-06
ENSRNOG00000003807	12.5517935665633	1.59683621318239	0.355404553172627	4.49301000487401	7.02234841816742e-06	0.000784603179329472
ENSRNOG00000003942	592.04293894056	0.355672406266662	0.0923967047213808	3.8494057481723	0.000118404732721736	0.00649081016695606
ENSRNOG00000004100	276.100627803868	0.629435354900505	0.181117860064479	3.47528043162847	0.000510319565516285	0.0173119619422901
ENSRNOG00000004110	840.448327851655	0.415052501207344	0.126287924555185	3.28655730679917	0.00101420135289507	0.0265482118846061
ENSRNOG00000004127	1052.70016519654	0.203158503189431	0.0641099819938407	3.16890594679856	0.00153013901838274	0.0342032729423101
ENSRNOG00000004269	3484.56832290539	0.368687623951626	0.105440364191214	3.49664596456647	0.000471146659728511	0.0165010392631768
ENSRNOG00000004314	1529.16939723653	0.234300930722722	0.0653195592224349	3.5869949753465	0.000334510767002631	0.0131785899236486
ENSRNOG00000004424	144.901936000269	0.389582177217096	0.121395549446798	3.20919653967901	0.0013310647135692	0.0319160207865325
ENSRNOG00000004425	241.796539324272	0.268489698155379	0.0822344849305322	3.26492831300866	0.00109491783751416	0.0280306377015046
ENSRNOG00000004496	6632.13039955606	0.297314944437297	0.0957275555964781	3.10584494281431	0.00189736179667884	0.0382251451181769
ENSRNOG00000004510	793.180543575242	0.172313432427002	0.0509384421050964	3.38277782566425	0.000717566572089048	0.0211221444274461
ENSRNOG00000004518	2936.66391324836	0.305398547062829	0.0788664078771242	3.87235269468146	0.000107789821797214	0.00608529852161136
ENSRNOG00000004659	206.22279305553	0.559539941720936	0.0845183718014863	6.62033507975241	3.58385553358409e-11	3.38898338894545e-08
ENSRNOG00000004789	429.004431128496	0.343171128457859	0.0695172642348766	4.93648782406617	7.95420009372619e-07	0.000139938427230322
ENSRNOG00000004827	2139.91476265509	0.232103385025357	0.0366316101025451	6.33615023679321	2.35577089466287e-10	1.54968754940214e-07
ENSRNOG00000004874	426.115152572542	0.285255697326503	0.0845189266570596	3.37505111114276	0.000738019828137317	0.0213912643672751
ENSRNOG00000004888	889.962708293248	0.393935278335237	0.0936210241267934	4.20776510414712	2.57908750681723e-05	0.00208671625551576
ENSRNOG00000004956	930.615939358355	0.397845581059299	0.076776151857866	5.18189009779784	2.19648631478314e-07	5.19263092854202e-05
ENSRNOG00000005033	546.389503921978	0.227573771919571	0.0627260110238162	3.62806064350505	0.000285558195247837	0.0117882589125322
ENSRNOG00000005174	203.325353239346	0.320040203666217	0.0944292363981589	3.38920673166067	0.000700951429632046	0.0209179391130826
ENSRNOG00000005209	1117.43941166403	0.346309832402573	0.110375088350243	3.13757241401845	0.00170353188259275	0.0360481641729068
ENSRNOG00000005248	1124.40648248189	0.418139846122094	0.0946373597394373	4.41833803556385	9.94627738314719e-06	0.00101680524869606
ENSRNOG00000005261	1295.72298503888	0.211302329414757	0.0565268053177968	3.73809077351539	0.00018542300393572	0.0091382737770275
ENSRNOG00000005353	1016.86795599283	0.1823886911484	0.058875363077813	3.09787798518279	0.00194911659499255	0.0390081138653932
ENSRNOG00000005371	1699.73745729167	0.435531361509053	0.0964141958019283	4.51729496768091	6.26346269449865e-06	0.000717925686119429
ENSRNOG00000005406	1419.56416388461	0.170586531429798	0.0465887327175657	3.66154049443549	0.000250703224235587	0.0109312385668139
ENSRNOG00000005424	975.750768257822	0.265549396056777	0.056770766356757	4.67757286184972	2.90290440653508e-06	0.000402944437347484
ENSRNOG00000005592	2299.12666418074	0.317608100086274	0.0837773385104728	3.79109799539132	0.00014998275798248	0.00782496251129286
ENSRNOG00000005708	378.178689327744	0.354078819455574	0.111416832239651	3.17796523503712	0.00148312533122109	0.0339308416413387
ENSRNOG00000005908	1423.78262966719	0.254335377724995	0.0705668059432524	3.60417868323987	0.000313141578973412	0.0127019627074202
ENSRNOG00000005957	259.717320081762	0.662237973498224	0.0958916075658414	6.90610982867834	4.98124391094376e-12	8.37402448584212e-09
ENSRNOG00000006226	1846.91672799413	0.459098229481702	0.0908329327243563	5.05431472607949	4.31938828674502e-07	8.83139794303408e-05
ENSRNOG00000006228	793.583486707445	0.45100375084605	0.0546142878423568	8.2579809911257	1.48157140952311e-16	2.24161754260846e-12
ENSRNOG00000006231	508.246112569291	0.47206813763477	0.102073578402483	4.62478287743937	3.74990998932492e-06	0.00048910463912488
ENSRNOG00000006302	1091.03054187592	0.181469156989195	0.0608521763980924	2.98213092333841	0.00286249557364176	0.0493837605806156
ENSRNOG00000006378	881.079535955269	0.190144548100708	0.063443903480121	2.99704995548211	0.00272606037537887	0.0480122087471006
ENSRNOG00000006399	1405.63243824461	0.185826478666491	0.0566096087554875	3.28259606013402	0.00102855935064566	0.0267850309385007
ENSRNOG00000006403	2228.21580639471	0.61200446995042	0.1042531941694	5.87036660916096	4.34832518120903e-09	1.80061759863837e-06
ENSRNOG00000006444	2641.57481696729	0.425353606116272	0.0850191163770081	5.00303489664709	5.64347200178361e-07	0.000106732164233733
ENSRNOG00000006470	642.322312486928	0.396753723359478	0.103669395657606	3.82710558736018	0.000129658906339947	0.00698127848015446
ENSRNOG00000006731	26.6336758409834	0.68239421085896	0.220243840183262	3.09835775788848	0.00194596359613321	0.0389965949794643
ENSRNOG00000006789	301.790063989515	0.314288167812578	0.0808251797103442	3.88849327572054	0.000100868464408015	0.00579505457753362
ENSRNOG00000006832	986.430725725262	0.403651981906517	0.0901505662193311	4.4775312994092	7.5511159425019e-06	0.000816059887214669
ENSRNOG00000006972	221.184690555009	0.770747172380868	0.225674777451929	3.41530046504663	0.000637116895412242	0.0198825434608767
ENSRNOG00000007029	4787.895431941	0.404260754661803	0.103969273139268	3.88827143304436	0.000100960684106118	0.00579505457753362
ENSRNOG00000007031	4638.6617840014	0.392954660497547	0.0932191608137615	4.21538508893696	2.4935233401363e-05	0.00202833377076679
ENSRNOG00000007091	1819.84854966101	0.273737553176902	0.0871079511800083	3.14250937450273	0.00167506349197848	0.0356451626352102
ENSRNOG00000007106	1159.78614334806	0.261279190714282	0.0854563225241278	3.05745886315799	0.00223222277928094	0.0427870889164305
ENSRNOG00000007189	298.014061363495	0.538257041191402	0.153793426941118	3.49987026036867	0.000465484652553061	0.016416743107524
ENSRNOG00000007346	989.155429992703	0.332273944621247	0.105382793633052	3.15301894328443	0.00161591320286944	0.0349767764798492
ENSRNOG00000007364	5227.06090655433	0.236941909582128	0.0602454471766647	3.93294299712501	8.39121419730002e-05	0.00506518542401233
ENSRNOG00000007459	3031.78961974121	0.21262229738764	0.0711696474205866	2.9875418116254	0.00281230823495859	0.048964584113836
ENSRNOG00000007478	2857.88481075275	0.191728287082288	0.0605955993187238	3.16406288967992	0.0015558317239095	0.0343165927979101
ENSRNOG00000007646	6085.43475761206	0.201854167409189	0.066277825605362	3.0455761872921	0.00232234932552111	0.043540452658159
ENSRNOG00000007821	808.179214942808	0.360503115310754	0.0968111773009086	3.72377575979929	0.000196265265582036	0.00942696339128953
ENSRNOG00000007882	2829.09598939942	0.30885831977914	0.0525134222719829	5.88151193383416	4.06535629746595e-09	1.80061759863837e-06
ENSRNOG00000007916	2681.68699009194	0.36609487192118	0.0558419521158993	6.55591106774624	5.53031835265492e-11	4.92198333386287e-08
ENSRNOG00000007946	1566.85884300423	0.228644751418858	0.0721539020529342	3.16884804443588	0.00153044387190641	0.0342032729423101
ENSRNOG00000007989	3384.20077516625	0.272389480243091	0.0642819580491761	4.23741728642912	2.26105674390251e-05	0.00191116137068408
ENSRNOG00000008000	4393.81423993884	0.419042430585489	0.102263064050337	4.09769093540191	4.17291927797737e-05	0.00302087409932046
ENSRNOG00000008177	451.66328630484	0.43073369369984	0.126580744062963	3.40283742909259	0.000666899493472928	0.020306728361428
ENSRNOG00000008212	468.74000234389	0.169975942349875	0.0553091459731266	3.07319773898629	0.00211778106971861	0.0413601120238959
ENSRNOG00000008288	1132.42493946946	0.188231895366406	0.0525560367269775	3.58154661365066	0.000341566178935747	0.0133537371764803
ENSRNOG00000008412	22.2300565831193	0.986916345255436	0.331330277466253	2.97864823221885	0.00289522950504821	0.0495219869145778
ENSRNOG00000008431	7796.5843236867	0.301731737400349	0.0970800908957293	3.10807019870253	0.00188313332573414	0.0381416428625937
ENSRNOG00000008479	404.839811026181	0.603025312319589	0.177908011339242	3.38953433170424	0.000700114415329933	0.0209179391130826
ENSRNOG00000008618	340.095144385191	0.225688356780941	0.0674128041310411	3.34785594057525	0.000814393328186885	0.0228604286743369
ENSRNOG00000008728	1554.5248413175	0.239250408711288	0.0695537951447408	3.43978942074132	0.000582166958381217	0.0188612121634
ENSRNOG00000008765	951.948426287793	0.344979458553382	0.0769853982398099	4.48110247450782	7.42584434630626e-06	0.000816059887214669
ENSRNOG00000008951	1433.40145363602	0.308154716467472	0.0936217705866299	3.29148567193921	0.000996596932984544	0.0262691839652546
ENSRNOG00000008981	2009.80044189806	0.143474914191766	0.0435076573580143	3.29769339247905	0.000974825179415744	0.0258756227448425
ENSRNOG00000009037	210.999710106009	0.67778849374392	0.200459546263594	3.38117344061361	0.000721769687401434	0.0211540273247723
ENSRNOG00000009117	332.270014191574	0.408402241936096	0.121404371265894	3.36398300718211	0.000768262733461241	0.0219317267118275
ENSRNOG00000009196	490.084606134391	0.289021834272964	0.0903887672600939	3.19754149806362	0.00138604466797598	0.0326343130816971
ENSRNOG00000009271	3150.37247755061	0.167772844533755	0.049043488926858	3.42089945484846	0.000624144023492176	0.0197146118485107
ENSRNOG00000009276	1775.3565978697	0.399813688020305	0.0768134180931424	5.20499800614913	1.93998689194476e-07	4.73419381856843e-05
ENSRNOG00000009341	1711.5865273922	0.467784787126075	0.148047416933356	3.15969570301013	0.00157933993464772	0.0346310336394492
ENSRNOG00000009484	709.854111653544	0.213304314622346	0.0640923467912041	3.32807777061488	0.000874474508923459	0.0239688393478477
ENSRNOG00000009540	74.7053526335073	0.812366747590257	0.261273296565188	3.10926052631471	0.00187556257039265	0.0380392247855776
ENSRNOG00000009564	21.1496056867005	1.90199325712234	0.463238698569947	4.10586003067951	4.02813350497973e-05	0.00293007980434343
ENSRNOG00000009571	1466.20951411925	0.316200519468944	0.0959593471296891	3.29515080007369	0.000983688765726187	0.0260651681706431
ENSRNOG00000009642	1755.14199887568	0.21920762718128	0.0599438092606786	3.65688517104424	0.000255298676686211	0.0110996235007539
ENSRNOG00000009691	1778.68578264078	0.482023483736025	0.116812698830981	4.12646474706895	3.68382443638131e-05	0.00274562875480045
ENSRNOG00000009836	1074.91393183522	0.15775080470259	0.0401072230228217	3.93322680587553	8.38130858933015e-05	0.00506518542401233
ENSRNOG00000009862	13410.3526314913	0.271217986030084	0.0647088496325441	4.19135848605288	2.77289121847831e-05	0.00218509604872796
ENSRNOG00000009863	1217.28613127326	0.38076989373097	0.122055413425938	3.11964773247863	0.00181067437961517	0.0373238719924996
ENSRNOG00000009887	1963.25961711028	0.235463221200721	0.0720786119622197	3.26675576555414	0.00108787489464548	0.027897537552519
ENSRNOG00000009920	2399.51489741943	0.423597915892135	0.114347659831636	3.70447385207387	0.000211829956297179	0.00983911850534597
ENSRNOG00000009935	1636.97864592842	0.271090749505938	0.068454660536727	3.96015037369871	7.49025824553297e-05	0.00476166417037453
ENSRNOG00000009953	389.811059487291	0.381340035723621	0.120532249626997	3.16380086577432	0.00155723304012937	0.0343165927979101
ENSRNOG00000009954	991.50984222521	0.217650370389251	0.0605607998592944	3.59391505552989	0.000325746074801186	0.0130301715410561
ENSRNOG00000009956	2719.37864190106	0.180292491106836	0.0499873772968768	3.6067603634428	0.000310043747180164	0.0126441021424148
ENSRNOG00000010060	666.868236216635	0.783071199182563	0.186185341719771	4.20586922659663	2.60080597789522e-05	0.00209309544923163
ENSRNOG00000010067	953.705581545579	0.179312349323545	0.0595564799052945	3.01079495646291	0.00260564740944795	0.0468211939488688
ENSRNOG00000010237	4917.95684465602	0.157828553858068	0.0493529689133554	3.19795459793216	0.0013840606941824	0.0326343130816971
ENSRNOG00000010298	1297.02181127637	0.344462039332561	0.0701676258294818	4.90913060347313	9.14810413259555e-07	0.000157285017643376
ENSRNOG00000010301	230.033527697334	0.392977758800543	0.094359059399602	4.16470619038622	3.11753772885084e-05	0.0023943322760159
ENSRNOG00000010352	368.827315582306	0.336714908163783	0.0826893150501538	4.07204858281331	4.66014559122718e-05	0.00331023487301724
ENSRNOG00000010392	94.256445293087	0.772860281025944	0.175042747235367	4.41526594636188	1.00885883288011e-05	0.00101760227609841
ENSRNOG00000010488	3052.92113651694	0.374434778042796	0.0856454501893956	4.37191674764713	1.23160491107041e-05	0.00118689059264302
ENSRNOG00000010868	702.278450473594	0.187226566842777	0.0624484240497509	2.99809914648317	0.00271669277384788	0.0479621489712001
ENSRNOG00000010910	444.231343253786	0.248650942744696	0.0713022471206622	3.48728059473235	0.000487959113161821	0.0168627045350931
ENSRNOG00000010944	2657.09869465973	0.471317363170246	0.0874232522504168	5.3912128757255	6.99837101818863e-08	2.03625679817681e-05
ENSRNOG00000010960	2805.46334417906	0.261274806814118	0.0614974057422076	4.24855005932058	2.15158571238187e-05	0.00184963021751918
ENSRNOG00000011047	347.584863948609	0.32357934108708	0.0928646546463451	3.48441872011866	0.000493207237186789	0.0168828631190862
ENSRNOG00000011222	2772.29758388159	0.315421951929859	0.0864917982865437	3.64684233856347	0.000265482703757764	0.0113046703009964
ENSRNOG00000011251	23.1546109440233	0.839152348657222	0.260084399803325	3.22646167663953	0.00125331014689556	0.0307335211062072
ENSRNOG00000011287	413.344859468434	0.277771230883761	0.0868816489547714	3.1971219955593	0.00138806207505188	0.0326343130816971
ENSRNOG00000011448	279.385443110018	0.279563526590767	0.0747114342084271	3.74191085411171	0.000182626303516525	0.0090594622039509
ENSRNOG00000011517	1271.45717624393	0.477827433226246	0.111219213056161	4.29626698567778	1.73698366672431e-05	0.00156431921890112
ENSRNOG00000011619	864.95098315298	0.324591026490759	0.10722188479524	3.02728334901617	0.00246762531284375	0.0453096735234538
ENSRNOG00000011621	990.928416860604	0.232705495961431	0.073754134015065	3.15515189852136	0.00160414564214402	0.0349219044109915
ENSRNOG00000011624	4902.85445408386	0.327371675974867	0.071735515405488	4.56359272146279	5.02855858926855e-06	0.000594391339497134
ENSRNOG00000011668	128.415659845142	0.740638364579302	0.161873684609374	4.57540931601437	4.75289811385812e-06	0.00056623109025727
ENSRNOG00000011803	311.032454223685	0.473049795118525	0.127476047227512	3.7108916177347	0.000206530521357433	0.00977354773909327
ENSRNOG00000011830	667.251116799836	0.25580073433369	0.0659365670990924	3.87949730457247	0.000104672561018286	0.00597621074794971
ENSRNOG00000011846	78.8908238991969	1.29280974329697	0.38613253429002	3.34809845970128	0.00081368097854385	0.0228604286743369
ENSRNOG00000011921	481.312406136927	0.924486954701572	0.168439437930156	5.48854214940395	4.05264572718889e-08	1.30460701813549e-05
ENSRNOG00000011922	1306.52280332715	0.278177758530441	0.0744025857533753	3.73881842564621	0.000184887201283157	0.0091382737770275
ENSRNOG00000011980	812.66268103585	0.31374936371544	0.0996988043290023	3.14697218113147	0.00164970656666827	0.0353471149737207
ENSRNOG00000012106	2042.54370981757	0.227572466524624	0.049512788745423	4.59623608952264	4.30191243380324e-06	0.000524902702608412
ENSRNOG00000012123	110.542354653974	0.394910426375354	0.114676369661422	3.44369487402952	0.000573822896199927	0.0186708396118385
ENSRNOG00000012164	3525.39312884408	0.225405599902453	0.066061863091042	3.41203819201729	0.000644790785804295	0.0199369744216137
ENSRNOG00000012186	1454.73696704773	0.275713988243774	0.073010300648154	3.77637108457443	0.000159129860960079	0.00818923400110884
ENSRNOG00000012274	2183.72173453195	0.350515796985853	0.108326891244228	3.23572284739159	0.0012133513226258	0.0299967410315824
ENSRNOG00000012683	388.836233083443	0.26175177955672	0.080386394640723	3.25617016071672	0.00112926052116724	0.0285513670295324
ENSRNOG00000012703	110.98200518542	0.780445395469668	0.169950747390059	4.59218572118689	4.3862775374444e-06	0.000529856373705257
ENSRNOG00000012782	551.198779865933	0.348373597236639	0.100660161834502	3.46088850730648	0.000538395741580171	0.0179867502710281
ENSRNOG00000012795	843.45079985053	0.402703488227568	0.130123007006775	3.09479082516591	0.00196951742408819	0.0391574226366022
ENSRNOG00000012815	1239.79187697761	0.185026973437025	0.0584202302181979	3.16717295953738	0.00153928737930148	0.034249144189458
ENSRNOG00000012999	972.358178592818	0.173154484173139	0.0529217678531921	3.27189531259574	0.00106829124922039	0.0274885146270485
ENSRNOG00000013039	8229.24387139396	0.132391426209363	0.0428724895638089	3.08802748700467	0.00201489833394669	0.0397607678492297
ENSRNOG00000013111	665.296268412268	0.213315403696102	0.0563041598544129	3.7886259957999	0.000151482761915722	0.00787606250097894
ENSRNOG00000013123	158.035264676648	0.550061660311505	0.13987197580434	3.93260806640037	8.40291831742958e-05	0.00506518542401233
ENSRNOG00000013166	316.891477339961	0.482949717032942	0.112192059620649	4.30466932032376	1.67235345298249e-05	0.00151513220021707
ENSRNOG00000013178	3309.21416486574	0.277194234289427	0.0716403919197921	3.86924508452956	0.00010917285840464	0.00614046597643944
ENSRNOG00000013186	2072.45480631318	0.165971555644522	0.0544473297804287	3.04829559711818	0.0023014342086182	0.0433093278313351
ENSRNOG00000013196	382.904469926394	0.92033484473109	0.170063989015151	5.41169738555937	6.24301274252545e-08	1.8891356558882e-05
ENSRNOG00000013290	3270.13880949211	0.552073460330535	0.174101895825257	3.17097902761864	0.00151926111324661	0.0341335706142529
ENSRNOG00000013314	492.323165053645	0.254391859493232	0.0839831738257716	3.02908127788768	0.00245298679386926	0.0452605977941975
ENSRNOG00000013428	210.310043503682	0.423595686620705	0.0948284718027534	4.46696734185277	7.93362354905381e-06	0.00085131719359705
ENSRNOG00000013529	800.63558274144	0.326092287896125	0.062303443824483	5.23393680796794	1.65937203346948e-07	4.14818396443097e-05
ENSRNOG00000013659	1966.70930959197	0.23359841730907	0.0733853889675235	3.18317338908497	0.00145670353884609	0.0335974459493007
ENSRNOG00000013729	1483.23528314275	0.424469740618181	0.109083163994677	3.89124888822341	9.97295681233281e-05	0.00579505457753362
ENSRNOG00000013752	1611.40877408223	0.324773299973001	0.0799309921089055	4.06317113555277	4.84105098714228e-05	0.00342266829137676
ENSRNOG00000013783	3876.03129594223	0.336677410212017	0.0823980616393499	4.0859870185494	4.3889832256541e-05	0.00313621307631693
ENSRNOG00000013851	326.906942308774	0.676733938636249	0.17521331893012	3.86234301575071	0.000112304730613337	0.0062700021187446
ENSRNOG00000013862	44.1244356809147	0.61807368693041	0.196222384260872	3.14986330055341	0.00163346873731532	0.0351056562437228
ENSRNOG00000013969	1409.4827580484	0.289741381819193	0.0664631705867008	4.35942762377289	1.30403072887272e-05	0.00124087955521033
ENSRNOG00000013981	2800.91563512937	0.217338594695528	0.0639104055692049	3.40067619286478	0.000672194010008389	0.0203813534497534
ENSRNOG00000014004	1508.74152086465	0.407500737416444	0.136714811332073	2.98066269079396	0.00287625412435652	0.0495219869145778
ENSRNOG00000014007	1673.36049902369	0.468199709885447	0.0810230018361023	5.77860236322208	7.53237110212134e-09	2.92217371218195e-06
ENSRNOG00000014027	545.460641319801	0.250294613005501	0.0752004420767785	3.3283662448414	0.000873569414891772	0.0239688393478477
ENSRNOG00000014148	330.55649044882	0.298084538257608	0.0812624020244538	3.66817286754466	0.000244290000036055	0.0107840871719135
ENSRNOG00000014153	1828.28515015072	0.406536391146754	0.0776946605488286	5.23248815652214	1.67243371996226e-07	4.14818396443097e-05
ENSRNOG00000014161	535.626360850614	0.236831416411795	0.0701474752295453	3.3761930224403	0.000734963373107203	0.0213846073752153
ENSRNOG00000014201	786.572534656591	0.450878084668072	0.0666440083061147	6.76547068713306	1.32876497212916e-11	1.54647800217801e-08
ENSRNOG00000014340	535.149203753477	0.166550160519035	0.0557267804844288	2.98869159623481	0.00280174775979723	0.0488369165964655
ENSRNOG00000014353	1746.99318749523	0.228891271444981	0.0638970995428497	3.58218562474007	0.000340731536436775	0.0133537371764803
ENSRNOG00000014363	1331.2262351115	0.462877280221408	0.112493172277399	4.11471443866826	3.87659028405055e-05	0.00284722383483907
ENSRNOG00000014365	776.131837024081	0.614534925273457	0.128667616293297	4.77614292529232	1.78689412062259e-06	0.000275874571887957
ENSRNOG00000014375	9619.97350557031	0.15281201830551	0.0379374976764668	4.02799413943166	5.62547455881266e-05	0.00383393829165926
ENSRNOG00000014440	1170.14888251481	0.143653510569744	0.043842790906985	3.27655944336467	0.00105080190554755	0.0272259502183211
ENSRNOG00000014456	386.079825084764	0.716426578047196	0.106536294967018	6.72471835320528	1.75932409248853e-11	1.90132667995367e-08
ENSRNOG00000014524	294.087328428167	0.440961202719376	0.110166105951467	4.00269392215461	6.26252991340166e-05	0.00417410033435097
ENSRNOG00000014525	3048.79420494234	0.228141141294431	0.0621980866507508	3.66797683947208	0.000244477323196718	0.0107840871719135
ENSRNOG00000014617	2572.443216889	0.173367878472906	0.0546291068518497	3.17354407684291	0.00150590034857615	0.0339997411100293
ENSRNOG00000014723	704.359273313837	0.628109377427188	0.133164492597511	4.716793232004	2.39590961281636e-06	0.000345239166113444
ENSRNOG00000014750	652.291267791875	0.211144455215053	0.0696557197972881	3.03125796172267	0.002435370854799	0.0451558345993982
ENSRNOG00000014751	140.885957663186	1.14790151159883	0.180400651339284	6.36306744502794	1.97763796997934e-10	1.36007556753579e-07
ENSRNOG00000014811	2244.68564051959	0.147757040809496	0.0416926872042887	3.5439558041799	0.000394171314781007	0.0147254617102139
ENSRNOG00000014840	79.625266027	1.32035218415448	0.261837768633341	5.04263457119284	4.59165620838951e-07	9.14102084643859e-05
ENSRNOG00000014856	6603.05700114796	0.2419491934636	0.0723963430191109	3.34200849619892	0.000831745147771519	0.023231591439235
ENSRNOG00000014857	572.169399980007	0.262822419594861	0.0681503322097953	3.85650973476964	0.000115017519652215	0.00635114989904386
ENSRNOG00000014876	1858.70762912829	0.25110576546766	0.0654252881005972	3.83805364496924	0.000124013393259827	0.0067493620144647
ENSRNOG00000014900	314.086589837873	0.768845580822367	0.122946589381697	6.25349255061828	4.01373718217578e-10	2.42911374265278e-07
ENSRNOG00000014901	1893.88161805256	0.220606799837532	0.0673952940123329	3.273326469904	0.00106289633253491	0.027396288775559
ENSRNOG00000015018	4420.82711310279	0.326391965310125	0.0546101003974503	5.97676918618821	2.2760631961543e-09	1.18747710889016e-06
ENSRNOG00000015055	1977.28161122253	0.640219549056685	0.180749154365896	3.54203344022661	0.000397055135095214	0.0147966605763315
ENSRNOG00000015079	1712.29347199087	0.378158911987583	0.0639211017049345	5.91602619324677	3.29812710519416e-09	1.59493679391182e-06
ENSRNOG00000015153	1607.18864076952	0.353238957169689	0.0597462872873395	5.91231645023978	3.37329658989941e-09	1.59493679391182e-06
ENSRNOG00000015329	339.023500335151	0.314426005308677	0.0852195496179013	3.68959947240356	0.000224607393684186	0.0102051347340593
ENSRNOG00000015619	955.281329532625	0.273264289336951	0.063722854515849	4.28832467429697	1.80025817279167e-05	0.00159286000902561
ENSRNOG00000015691	4417.37622122135	0.286270450551021	0.0843593194019863	3.39346562514207	0.000690142196315796	0.0206769335252633
ENSRNOG00000015967	590.232954293326	0.376503088725892	0.124098315478841	3.03390974545571	0.00241406639494196	0.044870791837189
ENSRNOG00000016121	396.180681130135	0.20796870888988	0.0634721276710041	3.27653596186104	0.00105088928800393	0.0272259502183211
ENSRNOG00000016145	4217.30458314555	0.167158387875252	0.0405206631939506	4.12526288316542	3.70311531880325e-05	0.00274647719477908
ENSRNOG00000016161	1092.87807758055	0.256196697052294	0.0637456084545462	4.0190485786166	5.84336232646482e-05	0.00395739238430753
ENSRNOG00000016167	1314.49855617459	0.274258333202688	0.0896877869853015	3.05792285016058	0.00222876948522281	0.0427870889164305
ENSRNOG00000016244	11369.9492780019	0.297348247026093	0.0600504893220102	4.95163737020719	7.35916429676091e-07	0.000130993124482344
ENSRNOG00000016245	654.64564616969	0.414004237877156	0.102100735442732	4.05486048736025	5.01642336308712e-05	0.00352315540307864
ENSRNOG00000016326	11360.3702405721	0.424447792335622	0.128060411121296	3.31443409106031	0.000918288255824895	0.0247218884530795
ENSRNOG00000016358	3170.89223380074	0.26691330166339	0.0895715329032361	2.97988984906327	0.00288352051577149	0.0495219869145778
ENSRNOG00000016368	354.025436866365	0.428094330153833	0.0854995601280429	5.00697698927017	5.52915339675871e-07	0.000105893785940455
ENSRNOG00000016502	1170.64687032175	0.347246222884889	0.110029258450565	3.15594440764958	0.00159979348841586	0.0349219044109915
ENSRNOG00000016566	1517.9702304159	0.266749816990579	0.0439098168840436	6.07494715122607	1.24028561625574e-09	6.95019310146273e-07
ENSRNOG00000016877	3144.36482802377	0.375057632320394	0.0729565327558511	5.14083685385	2.73517477122634e-07	5.99756438966008e-05
ENSRNOG00000016923	1444.99171758697	0.178080899534328	0.05508140581856	3.23304928201964	0.00122476432270305	0.0302295011459986
ENSRNOG00000017003	3570.69012225046	0.32650515921273	0.102677877398656	3.17989782691986	0.00147326988172594	0.0338248456912192
ENSRNOG00000017113	1897.34664410855	0.139661062035719	0.0447740059752128	3.11924428010834	0.00181315571146644	0.0373238719924996
ENSRNOG00000017114	2054.82586072672	0.428719662876909	0.108686989834391	3.94453525238079	7.99548914669686e-05	0.0049578586389149
ENSRNOG00000017116	1245.2988126549	0.367139228987448	0.0542663229444419	6.76550776000295	1.32842474688263e-11	1.54647800217801e-08
ENSRNOG00000017158	11295.0147600685	0.128258810868688	0.0411073700524387	3.12009283749057	0.00180794049466002	0.0373238719924996
ENSRNOG00000017215	844.466729926391	0.196753952022492	0.0591803767681491	3.3246485197841	0.000885300662040167	0.0241344126426446
ENSRNOG00000017349	1668.86103399015	0.262110880918634	0.0795893166477331	3.29329226532692	0.000990214842730474	0.026192221277119
ENSRNOG00000017383	531.293804262292	0.182001993275589	0.0594534951492656	3.06124968462577	0.0022041520495485	0.0425836737633165
ENSRNOG00000017438	287.50421386571	0.460039531687841	0.110278861415492	4.17160211651599	3.02465452303779e-05	0.00233484810885519
ENSRNOG00000017456	572.535420244851	0.51151659841704	0.161065262229618	3.17583438747836	0.00149406219691896	0.0339882956326267
ENSRNOG00000017575	483.488784972175	0.480418189552942	0.153773457161056	3.12419450288986	0.00178292557093103	0.0371054523909031
ENSRNOG00000017604	2643.73181349839	0.31802998636309	0.0633181616621486	5.02272930885179	5.09423190663251e-07	0.000100098349022532
ENSRNOG00000017609	22.8932206608297	1.04935811642549	0.261136886413798	4.01842164405176	5.8589285795432e-05	0.00395739238430753
ENSRNOG00000017728	614.890731026482	0.278689100321855	0.0932955549250186	2.98716375657807	0.00281578850600989	0.0489688276964708
ENSRNOG00000017731	903.367459221477	0.342343726413835	0.104262607864023	3.28347557602159	0.0010253552914664	0.0267476302756666
ENSRNOG00000017801	2304.37747573702	0.262651981199422	0.0803902558398	3.26721165961742	0.00108612443587676	0.027897537552519
ENSRNOG00000017824	927.919317139597	0.258857601229073	0.0506077830119426	5.11497611282414	3.13780662416435e-07	6.68662172163473e-05
ENSRNOG00000017828	2384.36178729743	0.564815298381698	0.11863852442361	4.76080852426122	1.92818921166953e-06	0.0002917350277256
ENSRNOG00000017864	591.487703876238	0.261764939728177	0.0593692244257096	4.40910155489282	1.03800344467435e-05	0.00103322316565282
ENSRNOG00000017913	1251.57696181407	0.204550751881878	0.051186446985804	3.99618969331096	6.43701612377077e-05	0.00423679013458943
ENSRNOG00000017974	1853.92134003994	0.296745266861804	0.0866640410800149	3.4240875819283	0.000616867369472198	0.0195255299165572
ENSRNOG00000017987	10.3384230039271	2.81086984792566	0.798918034642359	3.51834572013882	0.000434246232801316	0.0158278212579535
ENSRNOG00000018090	3648.89322347633	0.112304015385444	0.0352683384800799	3.18427292651948	0.00145118116732683	0.0335211771933664
ENSRNOG00000018164	1613.24234389184	0.207556397388411	0.0449569586431667	4.61678021940567	3.8973964225185e-06	0.000495518736287126
ENSRNOG00000018198	1953.65422339118	0.261828947239475	0.0836434308363103	3.13029899206159	0.00174628464249216	0.0367129219190846
ENSRNOG00000018294	7122.43120619812	0.694140460678297	0.0868579657504082	7.99167301100458	1.33119733087812e-15	1.0070507808093e-11
ENSRNOG00000018364	1721.13430612018	0.129377649463796	0.0378952981458541	3.41408184640316	0.000639973474252938	0.0198825434608767
ENSRNOG00000018399	2380.25386021461	0.397187618072361	0.100531099377608	3.95089301252413	7.78601268543791e-05	0.00490843216377815
ENSRNOG00000018440	1128.36567340919	0.140670311445258	0.0412270674884773	3.41208628250299	0.000644677040255348	0.0199369744216137
ENSRNOG00000018484	139.213697434256	0.639343788982346	0.182164754761241	3.50970081902132	0.000448611153548293	0.0161222963258567
ENSRNOG00000018557	1168.03761216632	0.417719789407828	0.0788068360205679	5.30055272487791	1.15452617091387e-07	3.11928231534407e-05
ENSRNOG00000018584	4396.75631907981	0.252499707754365	0.0519109106650082	4.86409705627777	1.1498048632554e-06	0.000189092908489719
ENSRNOG00000018698	1296.81962534413	0.23317873229065	0.0514134934157935	4.53536059891664	5.75051499096378e-06	0.000664162532925816
ENSRNOG00000018747	3563.3749239909	0.217656437416013	0.0631580054968347	3.44622088211637	0.00056848549082426	0.0185370376641618
ENSRNOG00000018830	1182.18666240764	0.350686414949852	0.104086767555339	3.36917384588203	0.000753938601560714	0.0216864848699878
ENSRNOG00000019090	1790.05399822133	0.243529422322113	0.0748821278365937	3.25217016874224	0.00114527432265829	0.0287363192401656
ENSRNOG00000019143	1598.08791429668	0.134348689025475	0.0373880468959814	3.59335938031882	0.000326441855013397	0.0130301715410561
ENSRNOG00000019240	1196.05088100149	0.279298329068341	0.085111248672886	3.28156775306854	0.00103231720205475	0.0268366997716296
ENSRNOG00000019376	454.817320047032	0.207767301240727	0.066922079062033	3.10461516068767	0.00190526742265325	0.0383333724797124
ENSRNOG00000019418	3460.5013682284	0.202589944418195	0.0507069708518601	3.99530756846153	6.46103186155833e-05	0.00423679013458943
ENSRNOG00000019422	3333.86821651929	0.592998522259724	0.18576916142658	3.19212574200098	0.00141229836302085	0.0329181466111645
ENSRNOG00000019447	30.7368311009342	1.03835135216032	0.233665514935815	4.44375094221986	8.8403935817534e-06	0.000928855242305062
ENSRNOG00000019533	205.204811025989	0.471769599565072	0.122121880840277	3.86310459942964	0.000111955040731725	0.0062700021187446
ENSRNOG00000019587	11083.8565085408	0.290021072844987	0.0846496797509539	3.4261331371631	0.000612240203540624	0.0194604921839698
ENSRNOG00000019590	1788.0496138296	0.18809710188189	0.0550910531661957	3.41429490037971	0.000639473194040354	0.0198825434608767
ENSRNOG00000019749	763.671108885717	0.180188945161395	0.0496701014853496	3.62771445543638	0.000285941243945758	0.0117882589125322
ENSRNOG00000019780	46.4470733796591	0.910065880829125	0.299805508673285	3.03552087770634	0.00240120598627879	0.0446866501505512
ENSRNOG00000019802	410.649458961118	0.248068116069089	0.07817680458316	3.17316776237903	0.00150785368703435	0.0339997411100293
ENSRNOG00000019811	1073.45180213772	0.215145764761105	0.0613333281997819	3.5078116755756	0.000451808764424939	0.0161987360325814
ENSRNOG00000019834	25767.9355694809	0.282453935433886	0.0794422678370085	3.55546163427001	0.000377316003971483	0.014130671138833
ENSRNOG00000019869	876.782416494047	0.308771535119411	0.0833536947481458	3.70435331094042	0.000211930703556105	0.00983911850534597
ENSRNOG00000019953	349.454430881687	0.233046545443221	0.0671094214038714	3.47263529573177	0.000515375172779722	0.0174443542822309
ENSRNOG00000019958	2544.44621805663	0.407822502520858	0.123571229155425	3.30030303419503	0.000965804812029901	0.0257564579881135
ENSRNOG00000019961	4117.20929371268	0.424888025384573	0.117798163868697	3.60691551914316	0.000309858488503216	0.0126441021424148
ENSRNOG00000020013	167.735635628231	0.64496616618733	0.119558923973697	5.39454642741031	6.86968631722503e-08	2.03625679817681e-05
ENSRNOG00000020061	983.018793230584	0.190226965229933	0.0633090833416965	3.00473415802319	0.00265813065431826	0.0473584813133765
ENSRNOG00000020067	513.247026441487	0.191084898628819	0.0613754254140602	3.11337799028997	0.00184958966931156	0.0376693418234556
ENSRNOG00000020088	838.341447834268	0.348574143887056	0.0829942060821965	4.19998166548918	2.66936594996599e-05	0.00212565825384134
ENSRNOG00000020134	1551.58846012076	0.140525328568484	0.0401477982449614	3.50020012831263	0.000464908983346767	0.016416743107524
ENSRNOG00000020161	1899.51871569922	0.263734212713461	0.0693888635699009	3.80081470058637	0.000144221124828952	0.00762918345322643
ENSRNOG00000020239	960.927435837353	0.211038659723056	0.0587408610069372	3.59270627133186	0.000327261413456795	0.0130301715410561
ENSRNOG00000020254	1266.83928670573	0.47565598762679	0.135871290589562	3.50078361339514	0.000463892340345848	0.016416743107524
ENSRNOG00000020284	687.899971963161	0.157180864333103	0.048310668773332	3.25354354067374	0.00113975257287126	0.0286929391473248
ENSRNOG00000020543	454.752889765511	0.212336348317767	0.0692656675484762	3.0655352909024	0.0021728073366357	0.0420929257404585
ENSRNOG00000020703	1006.72806080432	0.362296918968132	0.0778362038655627	4.65460673793759	3.24599650104074e-06	0.000442449793340057
ENSRNOG00000020743	74.8619886502641	0.632587822725167	0.184422648942643	3.43009834395073	0.000603362523982817	0.0192759330082103
ENSRNOG00000020793	524.617695505309	0.167077322415896	0.0544905206348556	3.0661722528858	0.00216818366513256	0.0420929257404585
ENSRNOG00000020867	2053.71139022664	0.320953440749933	0.0690463725727418	4.64837512516392	3.34560065039021e-06	0.000451954802146463
ENSRNOG00000020950	1064.35963575949	0.199258717909094	0.0514007875848791	3.87656935372934	0.000105939622591214	0.00602581387144764
ENSRNOG00000021032	748.349144783151	0.197546860866146	0.0609505282964752	3.24110169981201	0.00119068696859995	0.0295443136089151
ENSRNOG00000021041	1982.97449940794	0.263256897523298	0.0693774085989669	3.79456227667774	0.000147904155905127	0.00777010374598807
ENSRNOG00000021056	275.288777646563	0.491238640148994	0.148861278810608	3.2999759512612	0.000966931139276173	0.0257564579881135
ENSRNOG00000021164	3232.41468118713	0.412390662741224	0.0913312180563155	4.51533080930707	6.32180019471793e-06	0.000719164187564528
ENSRNOG00000021231	6448.43609239974	0.258823855549687	0.077064810580872	3.35852191939246	0.00078360506324624	0.0222437985120368
ENSRNOG00000021234	480.245124332177	0.660373111104858	0.152170580396651	4.33968977041105	1.42684003665888e-05	0.00133259813300302
ENSRNOG00000021402	300.658476684007	0.349938078916513	0.0797079172812805	4.390254956501	1.13217835849134e-05	0.00110515216541768
ENSRNOG00000021513	660.853142642022	0.494900150463932	0.131956273433303	3.7504859571082	0.000176492189720369	0.00882641169376964
ENSRNOG00000021525	89.7129084719831	0.495028572852522	0.146803049340458	3.37205919820152	0.000746084101177503	0.0215424665091901
ENSRNOG00000021581	3690.26752538998	0.350639324797205	0.0917488717424058	3.82172901026685	0.000132519269067765	0.00705991739787074
ENSRNOG00000021732	730.093597941596	0.27870413212097	0.0697627064813509	3.99503038482995	6.46859564501097e-05	0.00423679013458943
ENSRNOG00000021758	1122.69660322259	0.195883709448291	0.0648999834552415	3.01823974398056	0.00254247679063423	0.0460139639261913
ENSRNOG00000021839	359.508948729668	0.468096457300641	0.130801277649787	3.5786841360521	0.000345328524018531	0.0134660323927845
ENSRNOG00000021882	1056.9115915139	0.186285928639773	0.0597044657489875	3.12013391800482	0.0018076883648472	0.0373238719924996
ENSRNOG00000022307	2417.28949001077	0.204880713979149	0.0682747492020089	3.00082704621815	0.00269247446386603	0.0475901152316508
ENSRNOG00000022428	874.644363683839	0.339995747763594	0.0994196530444321	3.41980420723904	0.000626662216545647	0.0197529152840326
ENSRNOG00000022523	1054.95539759016	0.568401263049036	0.113317928337188	5.01598706744535	5.27618778570936e-07	0.000102344514356132
ENSRNOG00000022720	720.920965786873	0.201994370704649	0.0657146304085189	3.0738112570814	0.00211343094903226	0.0413601120238959
ENSRNOG00000022893	2822.34635718868	0.345105205313866	0.107063576663816	3.22336705037896	0.00126693095313497	0.0309952697492196
ENSRNOG00000023261	175.238614185877	0.477357271479854	0.146693140242472	3.25412129490732	0.00113743702885535	0.028682370410969
ENSRNOG00000023322	602.896871998473	0.345538042445541	0.0618519511507284	5.58653423242043	2.31645903532518e-08	7.78845004543778e-06
ENSRNOG00000023509	1942.87018555833	0.61726316628015	0.14047249319621	4.39419243038541	1.11185296910137e-05	0.00109235944301972
ENSRNOG00000023643	1361.5837280996	0.503490903766339	0.16553528677086	3.04159260293118	0.00235330165964544	0.0439573507536241
ENSRNOG00000023768	785.613893423606	0.225580696862143	0.0542567781230938	4.15765006079724	3.21538061081543e-05	0.00245700548695138
ENSRNOG00000024025	1607.17101509104	0.134637823019297	0.0392819267844683	3.42747502580581	0.000609222338375577	0.0194053346939421
ENSRNOG00000024114	314.363762987857	0.773337674175836	0.206491923647554	3.74512310464884	0.000180305341812302	0.00897374941322409
ENSRNOG00000024711	627.506218405754	0.431257370024233	0.123186448981702	3.50085073146554	0.000463775529397212	0.016416743107524
ENSRNOG00000025079	828.898106817356	0.437304283711203	0.102695765335029	4.25825039897765	2.06033094214325e-05	0.00179154064107054
ENSRNOG00000025235	5858.93828587165	0.369049418652992	0.108268311162649	3.40865590947085	0.000652837680632278	0.0200852578313552
ENSRNOG00000025406	368.624809714102	0.513665668307176	0.121334382361971	4.23347165335858	2.30111198732551e-05	0.00193421246490194
ENSRNOG00000025612	4773.24596357322	0.338858852833761	0.112008445161153	3.02529735455416	0.0024838879194238	0.0453885131538433
ENSRNOG00000025634	1203.82048832708	0.24238986103018	0.0753237065056509	3.21797575125961	0.00129098731579753	0.0313444220426764
ENSRNOG00000025644	282.795504059484	0.324442953966293	0.0800980817428952	4.05057083648662	5.10928393750681e-05	0.003562371703893
ENSRNOG00000025793	1560.47215143554	0.19301933375704	0.0633605011898951	3.04636690259993	0.00231625001628105	0.0434799785934644
ENSRNOG00000026236	668.288433169628	0.159821980263469	0.0530500383566185	3.01266474472831	0.00258964831773176	0.0465948354221473
ENSRNOG00000026344	42.8875644242679	0.858119036616547	0.271179303793972	3.16439722578719	0.00155404536475531	0.0343165927979101
ENSRNOG00000026407	288.014202437637	0.281197433798303	0.0798165097870871	3.52304848393404	0.000426613310584726	0.0156287152279586
ENSRNOG00000026643	1173.60962795084	0.56489019626968	0.115811215288803	4.87768127517695	1.07340185723614e-06	0.000180450778888697
ENSRNOG00000026963	8018.84956281753	0.45833073143393	0.0715932598213226	6.40186984889079	1.53485482258485e-10	1.10582635550994e-07
ENSRNOG00000027136	850.601985807624	0.225781162708731	0.0606010641895222	3.72569633435197	0.000194776777369849	0.00938526318982745
ENSRNOG00000027264	2763.46250533446	0.343431320077464	0.0831790881967886	4.12881804216175	3.64632812425391e-05	0.00274095996384667
ENSRNOG00000027434	510.595583928984	0.282987080607632	0.0716834362984272	3.94773318942915	7.88946587582883e-05	0.00491224768318067
ENSRNOG00000028426	5934.72452850917	0.157745088870163	0.0385350821510894	4.09354489635372	4.24827770717442e-05	0.00306078293854995
ENSRNOG00000028650	2071.87213449232	0.594975248595517	0.160905943659708	3.69765861386576	0.000217597255459535	0.00994636397312014
ENSRNOG00000028658	576.737652924914	0.503797919186325	0.147804985920798	3.40853128903437	0.000653135945342153	0.0200852578313552
ENSRNOG00000028743	966.159336467498	0.217386695489793	0.0679838314931172	3.19762347480815	0.00138565075395921	0.0326343130816971
ENSRNOG00000028832	805.364955114408	0.668007095307286	0.153079538893437	4.36379087718775	1.27827778984149e-05	0.0012240723392596
ENSRNOG00000029049	774.609661469641	0.398413698165427	0.103886750303363	3.83507711043041	0.00012552490720248	0.00680713923287999
ENSRNOG00000029178	3427.3442228116	0.181439887814207	0.0538024390427605	3.37233573500273	0.000745335317601452	0.0215424665091901
ENSRNOG00000029197	232.52065322579	0.257178974656972	0.0846771448491956	3.03717107036368	0.00238809882864767	0.0444974572382257
ENSRNOG00000029304	824.076413629666	0.168696017941141	0.0565245511937666	2.98447337269163	0.00284066924464023	0.0492697464721029
ENSRNOG00000029441	4481.01627052164	0.269263716179662	0.0840337285185743	3.20423383475298	0.00135422440308412	0.0322667956199414
ENSRNOG00000029529	20.0668337210214	0.863199250475878	0.241943280421148	3.56777526109969	0.000360025087812149	0.0138605078335822
ENSRNOG00000030180	115.453673476642	0.666218846298583	0.21398877363474	3.11333550345851	0.00184985597982997	0.0376693418234556
ENSRNOG00000030232	2500.89443548897	0.159187505868216	0.0430497830080228	3.6977539663452	0.000217515557554247	0.00994636397312014
ENSRNOG00000030355	1628.23477903337	0.171295793306302	0.0481477193185767	3.55771354761161	0.000374096945326048	0.0140798178676197
ENSRNOG00000030597	2653.66600383265	0.313844440136616	0.098510463428533	3.18589954014685	0.0014430469615774	0.03343537600102
ENSRNOG00000031421	454.48055654894	0.236102027328178	0.0733016788590204	3.22096343498855	0.00127760447172623	0.0311776704148675
ENSRNOG00000031778	2144.44361393658	0.306584236991271	0.0693513763331407	4.42073760034038	9.83645616356176e-06	0.00101241892350129
ENSRNOG00000032293	812.173290808742	0.192354988384055	0.0587220820971247	3.27568406150696	0.00105406404185469	0.0272419382138187
ENSRNOG00000032677	389.825379226751	0.221761730172663	0.0675025788345167	3.28523345332204	0.00101897904306652	0.026627207118474
ENSRNOG00000032798	359.12604775942	0.482235419066907	0.127519852892518	3.78164974416467	0.000155792462198693	0.00807239709954186
ENSRNOG00000032878	1784.06479394416	0.358650576754136	0.062241026022786	5.76228574096508	8.29823526073614e-09	3.0622512071936e-06
ENSRNOG00000033700	275.595381129062	0.269168746253928	0.0864900510688199	3.11213536039829	0.00185739313098524	0.0377719866556541
ENSRNOG00000034066	12497.424330384	0.423811716498149	0.100263444849078	4.22698140021114	2.36847237105663e-05	0.00195819600951294
ENSRNOG00000034269	84.2625133872726	0.915937219264745	0.24653155528109	3.71529404509867	0.000202967527624608	0.00968737758031648
ENSRNOG00000036663	1690.72906865995	0.141480500769371	0.0463934375055817	3.04958003494243	0.00229161564613155	0.0433093278313351
ENSRNOG00000036676	2470.52207293213	0.141740232934395	0.0468942738968173	3.02254883498717	0.00250655635550158	0.0455819683398304
ENSRNOG00000036695	539.46855958881	0.23421568798402	0.0701594575612843	3.33833379169776	0.000842824361626735	0.0234410525577436
ENSRNOG00000036841	509.032314785347	0.258141532287558	0.0792840561783235	3.25590723697275	0.00113030673598373	0.0285513670295324
ENSRNOG00000037476	2535.9589891406	0.728388217049354	0.121704386355259	5.98489700217677	2.16526835749408e-09	1.17001822317448e-06
ENSRNOG00000037658	2438.05621266617	0.294052151897531	0.0945327034635379	3.11058650735563	0.00186716195457288	0.0379196783526009
ENSRNOG00000037687	809.303632532347	0.766584453342641	0.23542067250815	3.25623253546735	0.00112901245367023	0.0285513670295324
ENSRNOG00000038066	238.35502058438	0.497519935087406	0.136409921338236	3.64724156576396	0.000265070698056515	0.0113046703009964
ENSRNOG00000039698	91.3923294405165	0.949984278222512	0.293115285098221	3.24099194589657	0.00119114549249426	0.0295443136089151
ENSRNOG00000039861	416.623191163736	0.289782479869468	0.0957033280335535	3.02792479450527	0.00246239359446502	0.0452685480975162
ENSRNOG00000042086	1042.63467080283	0.649202495486634	0.162456990730815	3.99614995061886	6.43809629350376e-05	0.00423679013458943
ENSRNOG00000042118	697.06826559082	0.310492456984033	0.0934301360362988	3.32325810660708	0.000889725496529628	0.0241679475089646
ENSRNOG00000042309	2199.14764743248	0.34174808696294	0.0859978333392669	3.97391508242681	7.07007786469071e-05	0.00455192672735193
ENSRNOG00000042326	236.723586856651	0.479185801195102	0.126102743014858	3.79996334527505	0.000144717491809384	0.00762918345322643
ENSRNOG00000042467	595.485499370462	0.265228324319546	0.0750956350136125	3.53187404662692	0.000412625840479083	0.0152641295023191
ENSRNOG00000042492	1533.03936011204	0.243483757190989	0.0433456861486578	5.6172546526531	1.94015379078779e-08	6.67148337604982e-06
ENSRNOG00000042607	540.114351688726	0.390286531806583	0.107498186706792	3.63063362985938	0.00028272627732161	0.0117882589125322
ENSRNOG00000042833	396.977179917222	0.483576415775114	0.104899210203934	4.60991474421015	4.02834134589005e-06	0.000495518736287126
ENSRNOG00000042888	220.127558009483	0.555588239287887	0.156135476099726	3.5583728513629	0.00037315935529279	0.0140795537296257
ENSRNOG00000043099	881.932903041619	0.185704854648615	0.0533962245095508	3.47786489315173	0.000505424608712218	0.0171844366962154
ENSRNOG00000043113	313.444864886123	0.679981598393905	0.156544016789495	4.34370864079895	1.40097295985539e-05	0.00132479505516325
ENSRNOG00000043498	1473.11152356234	0.255592683370925	0.0581245484571536	4.39732763789701	1.09591851257648e-05	0.00108374164021452
ENSRNOG00000045524	803.656735782728	0.234047768303543	0.0722000025445756	3.24165872652212	0.00118836236595415	0.0295443136089151
ENSRNOG00000045568	533.779775033089	0.248114404593059	0.0667039748297446	3.71963447795048	0.000199511299697056	0.00955255052030526
ENSRNOG00000045779	783.588469294418	0.291471338521754	0.0874890132791325	3.33151932565314	0.000863733026215075	0.023876140969241
ENSRNOG00000046155	16.3690981293213	1.37396088899553	0.317031904015664	4.33382530777612	1.46540474279175e-05	0.00134457074361798
ENSRNOG00000046566	1324.23771314961	0.305080629327524	0.0824997597887747	3.6979577893151	0.000217341018813993	0.00994636397312014
ENSRNOG00000046667	243.002049609098	0.700706513811898	0.17588858725287	3.9838088687614	6.781942550861e-05	0.00438507652968064
ENSRNOG00000046744	178.353296140235	0.479137138975612	0.159305127912983	3.00766927752212	0.00263259461923945	0.0470261589009362
ENSRNOG00000047014	2362.58801477746	0.650153203107802	0.154864624806466	4.19820345621409	2.69040865548807e-05	0.0021311980606039
ENSRNOG00000047213	372.584078515565	0.394393886377754	0.106286415226731	3.71067069612262	0.000206710857667538	0.00977354773909327
ENSRNOG00000047339	4486.271006224	0.364197435765182	0.101431738147191	3.59056684246781	0.000329959596298507	0.0131031199264998
ENSRNOG00000047466	474.49323942762	0.864095624979817	0.151349613856314	5.70926877818243	1.13462587179863e-08	4.08735462864603e-06
ENSRNOG00000047513	1097.02085235437	0.308259967233888	0.0888315892044941	3.47016157196356	0.000520145370784536	0.0175665166517188
ENSRNOG00000047611	1276.37631325945	0.149859802848007	0.0487749632760546	3.07247392478466	0.00212292379700214	0.0413601120238959
ENSRNOG00000047625	484.368875211321	0.206178819966176	0.0567193318514241	3.63507138106387	0.000277903678126935	0.0116746758987349
ENSRNOG00000048617	4430.15113494426	0.261380523312088	0.0651884690568674	4.00961285168505	6.08183813176777e-05	0.00408969826371762
ENSRNOG00000048891	1316.88272345294	0.25387706608649	0.072778379960699	3.48835830398514	0.000485996336887954	0.0168627045350931
ENSRNOG00000048981	1699.51298564594	0.360490630002862	0.080840971839252	4.45925651066737	8.22444457003911e-06	0.000876308777075294
ENSRNOG00000049302	1622.54737258946	0.278946690240449	0.0541663130482995	5.14981867035541	2.60738414639727e-07	5.88801822910309e-05
ENSRNOG00000049437	1864.25603196821	0.569535991899562	0.138256653392727	4.11941109468171	3.79841944867423e-05	0.00280341884187518
ENSRNOG00000049456	299.889889840252	0.39497415586402	0.116092824453556	3.40222712060928	0.0006683906625242	0.020306728361428
ENSRNOG00000049531	2367.86405911904	0.141609678921401	0.0463106708549662	3.05781964085314	0.00222953721259829	0.0427870889164305
ENSRNOG00000049761	165.057168718642	0.388902220761483	0.103342543343041	3.76323446453741	0.000167729809272915	0.00854259864702395
ENSRNOG00000050197	2838.69740961648	0.316540969659606	0.064276914886251	4.92464472228917	8.45137615207687e-07	0.00014697623124244
ENSRNOG00000050647	28.890631810606	2.8088908143353	0.398590919469872	7.04705169418092	1.82748441936803e-12	3.45622990812978e-09
ENSRNOG00000050655	1251.07904782286	0.241004804626935	0.0772595055257988	3.11941945507867	0.0018120779584717	0.0373238719924996
ENSRNOG00000050714	846.88682060594	1.06392767882254	0.330827107403509	3.21596282472969	0.00130007672082868	0.0314219820864823
ENSRNOG00000050748	1408.05117558653	0.272269368844812	0.0756694427462643	3.59814158745411	0.000320499136408111	0.0128966806751455
ENSRNOG00000050932	209.280096757096	0.323478398805097	0.103235732464827	3.13339568656915	0.00172796325995862	0.0364123734306044
ENSRNOG00000050997	661.247428910378	0.347622145705605	0.0753626211522813	4.61265996843691	3.97548367828136e-06	0.000495518736287126
ENSRNOG00000051135	754.900298158178	0.280982926543064	0.0830982328460469	3.38133455934774	0.000721346563010725	0.0211540273247723
ENSRNOG00000051383	316.190290896641	0.320225954487625	0.0873479477659174	3.66609591499269	0.000246281584514057	0.0108006967353556
ENSRNOG00000051450	213.828283050496	0.311547508874491	0.0999065884800723	3.11838802239387	0.00181843226539942	0.0373309093290275
ENSRNOG00000051564	1885.87658495268	0.26677875738055	0.0561482848457327	4.75132514044773	2.02087874511242e-06	0.000302731637757929
ENSRNOG00000051915	481.581853162445	0.440333271661834	0.137978644888644	3.19131465609917	0.00141626946627567	0.0329181466111645
ENSRNOG00000052017	15.0460075249925	0.945221106505259	0.317432286730897	2.97770940769667	0.00290411182677843	0.0495368793000651
ENSRNOG00000052142	466.120877953916	0.254851342636329	0.0726965987072951	3.50568454601927	0.000455434649237049	0.0162901329620722
ENSRNOG00000052405	352.881486396943	0.468552388120004	0.11396027394058	4.11154143385361	3.93026323187992e-05	0.00287269964726296
ENSRNOG00000052444	934.91299691078	0.519095689694347	0.134594208283363	3.85674611348423	0.00011490639976008	0.00635114989904386
ENSRNOG00000052445	164.139136459462	0.515844412245706	0.149487603549158	3.45075043012563	0.000559030254138723	0.0184272935623505
ENSRNOG00000052572	390.436534956137	0.430373905302116	0.124273083236909	3.46313050334215	0.000533929363192673	0.0179120870623174
ENSRNOG00000052758	6074.76247067708	0.336520764174781	0.10500232953016	3.20488855514508	0.00135114784690107	0.0322442695956044
ENSRNOG00000053168	115.840712215836	0.610515601436435	0.201803751659954	3.02529361528013	0.00248391863128766	0.0453885131538433
ENSRNOG00000053270	129.094543997261	0.529391785271827	0.155599959643861	3.40226171320033	0.000668306059508005	0.020306728361428
ENSRNOG00000053828	2571.96333391274	0.203051376930396	0.0393479024345906	5.16041172125846	2.46407334008809e-07	5.64870145992922e-05
ENSRNOG00000053948	952.232497604251	0.521490141638941	0.140533629624695	3.71078540440191	0.000206617203886196	0.00977354773909327
ENSRNOG00000054421	14.8865024116813	1.06598088756016	0.319892326730074	3.33231152637067	0.000861277862367477	0.0238665458930768
ENSRNOG00000055240	49.5964771514261	0.513091692570122	0.17091096340114	3.0020993525492	0.0026812465267245	0.0475026463107045
ENSRNOG00000055371	5230.03605603463	0.125971104033786	0.041161531891311	3.06040854763178	0.00221035252513035	0.0426020811531494
ENSRNOG00000055433	1190.44856542319	0.197719104426165	0.0656901566791189	3.00987414890753	0.00261355958621129	0.0468520812077924
ENSRNOG00000056243	229.940942852826	0.496895476146821	0.104753253338228	4.74348490678797	2.10072602238302e-06	0.000310615876569178
ENSRNOG00000056371	1674.97447262853	0.185837980416588	0.0616350388677918	3.01513528392856	0.00256864656788166	0.0463766379141402
ENSRNOG00000056457	1090.45691578294	0.56380435184398	0.161703718099361	3.48665051410596	0.000489110068392185	0.0168627045350931
ENSRNOG00000056458	539.101649656714	0.266035670135064	0.0798646158609485	3.33108307436495	0.000865087811948095	0.023876140969241
ENSRNOG00000056550	1162.95012283789	0.269253643408336	0.0754581003057701	3.56825367080898	0.000359368492463303	0.0138605078335822
ENSRNOG00000056585	2043.78001529633	0.366971472642966	0.0887913793128244	4.13296285611326	3.58116618384554e-05	0.00270915221807915
ENSRNOG00000056753	657.223088580112	0.293906468726338	0.096996690778515	3.03006696792835	0.00244499519187062	0.0451682261941423
ENSRNOG00000056941	68.159011009301	0.444979929439761	0.147819620367332	3.01029003006491	0.00260998334913075	0.0468434733954309
ENSRNOG00000057221	4970.40121373473	0.326078341640938	0.103873210606984	3.13919575351041	0.00169412235253483	0.0359134827966795
ENSRNOG00000057848	1498.4367790116	0.377054996100148	0.0961339340640581	3.92218418783216	8.77498698852775e-05	0.00526847433081051
ENSRNOG00000058068	94.6736643342988	0.56696911518111	0.187394788940032	3.02553298513837	0.00248195331001784	0.0453885131538433
ENSRNOG00000058094	499.472641132233	0.500087090436048	0.142393291061094	3.51201300784238	0.000444726231442934	0.0160207330517419
ENSRNOG00000058461	2143.68910061005	0.177420645273497	0.0509716031430796	3.48077428083769	0.000499966632353405	0.0170371512331239
ENSRNOG00000058891	215.399124642799	0.38948988945979	0.121833067178976	3.19691442133373	0.00138906131028506	0.0326343130816971
ENSRNOG00000059008	865.338303035678	0.229554485566809	0.0728638275899657	3.15045878262949	0.00163014256304877	0.0350840070824011
ENSRNOG00000059510	1321.79822388635	0.344805424985056	0.0945529789959813	3.64669023278168	0.000265639836034666	0.0113046703009964
ENSRNOG00000059799	436.111527153966	0.308940437475562	0.0699632065336769	4.41575583484517	1.0065765217437e-05	0.00101760227609841
ENSRNOG00000059840	1478.8810841954	0.37340680990762	0.0762036193636276	4.90011908917084	9.57785815013686e-07	0.000162823588552327
ENSRNOG00000059866	210.953177548221	0.501324151792434	0.14901848977574	3.36417415413941	0.000767730812911397	0.0219317267118275
ENSRNOG00000060063	234.159003325325	0.279173665855227	0.0832283889513201	3.35430817985092	0.00079563695816681	0.0225430471480596
ENSRNOG00000060407	4509.41324635652	0.291940651071086	0.0859613342704674	3.39618566357437	0.000683319923984165	0.0205539372761042
ENSRNOG00000060528	3008.99921367348	0.338248856422507	0.102421585431425	3.30251533402572	0.000958218487166524	0.0256145683936917
ENSRNOG00000060550	3906.21920313416	0.124113889543581	0.0386732805142283	3.20929302850112	0.00133061806814008	0.0319160207865325
ENSRNOG00000060956	3086.04396798797	0.207421650471494	0.0459744630902038	4.51167096969733	6.43189085391443e-06	0.000726227676266607
ENSRNOG00000061102	658.736179053122	0.298835846712774	0.0667384135196271	4.47771876724174	7.5444898964397e-06	0.000816059887214669
ENSRNOG00000061231	1071.05000694234	0.479665107553769	0.0699440744139775	6.85783765919581	6.99106382557262e-12	9.6158905164467e-09
ENSRNOG00000061301	132.52209469716	0.333970682884875	0.0971535938764016	3.43755356399632	0.000586994608592079	0.0189769838205089
ENSRNOG00000062261	475.921144722361	0.535245457525116	0.141168393320653	3.79153891982992	0.000149716679920749	0.00782496251129286
